6 2200e–0000e (6 0 4) 3568.5179 220
6 1400e–0000e (6 0 5)
6 3000e–0000e (6 0 6) 3816.4740 300
7 0311e–0000e (7 1 1) 3852.1636 031
7 1111e–0000e (7 1 3) 3998.5721 111
7 1510e–0000e (7 1 5) 4283.9571 151
7 3110e–0000e (7 1 6) 4406.1291 311
8 0002e–0000e (8 0 1) 4326.6170 000
8 0401e–0000e (8 0 2) 4403.7291 040
8 1201e–0000e (8 0 4) 4556.7668 120
8 2001e–0000e (8 0 5) 4677.7977 200
8 0800e–0000e (8 0 6) 4695.2757 080
8 3200e–0000e (8 0 7) 4849.7622 320
8 2400e–0000e (8 0 8) 4979.7020 240
8 4000e–0000e (8 0 9) 5073.0681 400
9 0112e–0000e (9 1 1) 4875.0669 011
9 2111e–0000e (9 1 5) 5248.9484 211
10 0202e–0000e (10 0 1) 5417.8906 020
10 1002e–0000e (10 0 3) 5555.6452 100
10 0601e–0000e (10 0 5) 5668.5504 060
10 2201e–0000e (10 0 6) 5808.9298 220
10 3001e–0000e (10 0 8) 5914.7100 300
10 3400e–0000e (10 0 9) 5977.2442 340
10 4200e–0000e (10 0 10) 6121.7214 420
10 3400e–0000e (10 0 11)
10 5000e–0000e (10 0 12) 6322.9963 500
11 1112e–0000e (11 1 3) 6108.6326 111
12 0003e–0000e (12 0 1) 6446.8932 000
12 1202e–0000e (12 0 4) 6653.9440 120
12 2002e–0000e (12 0 7) 6775.2209 200
12 0(12)00e–0000e (12 0 8)
12 1601e–0000e (12 0 10) 7051.7752 240
12 4001e–0000e (12 0 12) 7143.3954 400
12 6000e–0000e (12 0 15) 7492.1218 600
12 5200e–0000e (12 0 16) 7567.4296 520
13 0113e–0000e (13 1 1) 6981.8507 011
14 0203e–0000e (14 0 1) 7511.6378 020
14 1003e–0000e (14 0 3) 7650.7541 100
14 2202e–0000e (14 0 8) 7880.3901 220
14 3002e–0000e (14 0 9) 7985.5500 300
14 3401e–0000e (14 0 14)
14 5001e–0000e (14 0 15) 8364.7025 500
16 0004e–0000e (16 0 1) 8538.5123 000
16 2003e–0000e (16 0 7) 8844.7205 200
6 2001e–0200e (8 0 5) 3533.4634 200
6 2310e–0110e (7 1 4) 3559.3937 231
6 3200e–1000e (8 0 7) 3569.4061 320
6 2400e–1000e (8 0 8) 3699.3467 240
6 3200e–0200e (8 0 7) 3705.4277 320
6 1620e–0220e (8 2 12)
6 1510e–0110e (7 1 5) 3708.5241 151
6 4000e–1000e (8 0 9) 3792.7127 400
6 4110e–1110e (9 1 9) 3807.8870 411
6 2400e–0200e (8 0 8) 3835.3673 240
6 3220e–0220e (8 2 14) 3842.3883 322
6 4000e–0200e (8 0 9) 3928.7337 400
7 0002e–0110e (8 0 1) 3751.1835 000
7 3110e–0110e (7 1 6) 3830.6956 311
7 2111e–1000e (9 1 5) 3968.5934 211
7 1201e–0110e (8 0 4) 3981.3326 120
7 1221e–0110e (8 2 3) 3989.2214 122
7 2001e–0110e (8 0 5) 4102.3641 200
8 0222e–0220e (10 2 2) 4272.8446 022
8 0202e–0200e (10 0 1) 4273.5568 020
8 1002e–1000e (10 0 3) 4275.2912 100
8 0112e–0110e (9 1 1) 4299.6322 011
8 0511e–0110e (9 1 2) 4380.8867 051
8 0601e–0200e (10 0 5) 4524.2168 060
8 1421e–0220e (10 2 9) 4524.5216 142
8 2201e–1000e (10 0 6) 4528.5754 220
8 1311e–0110e (9 1 4) 4540.4254 131
8 3001e–1000e (10 0 8) 4634.3560 300
8 2201e–0200e (10 0 6) 4664.5962 220
8 2221e–0220e (10 2 12) 4667.9681 222
8 2111e–0110e (9 1 5) 4673.5140 211
8 3310e–0110e (9 1 7) 4841.5391 331
8 3400e–1000e (10 0 11)
8 4200e–0200e (10 0 10) 4977.3910 420
8 2510e–0110e (9 1 8)
8 4220e–0220e (10 2 18) 4981.4847 422
8 5000e–1000e (10 0 12) 5042.6443 500
8 4110e–0110e (9 1 9) 5092.6452 411
8 3400e–0200e (10 0 11)
8 3420e–0220e (10 2 20) 5108.2050 342
9 0332e–0220e (11 3 2) 4821.9973 033
9 0202e–0110e (10 0 1) 4842.4575 020
9 0222e–0110e (10 2 2) 4848.4426 022
10 0312e–0110e (11 1 1) 5386.1717 031
10 2002e–1000e (12 0 7) 5494.8665 200
10 1202e–0200e (12 0 4) 5509.6124 120
10 1222e–0220e (12 2 7) 5510.4272 122
10 1112e–0110e (11 1 3) 5533.2004 111
10 1511e–0110e (11 1 6) 5794.7732 151
10 4001e–1000e (12 0 12) 5863.0423 400
10 3221e–0220e (12 2 18) 5914.1459 322
10 3111e–0110e (11 1 8) 5915.5774 311
10 1910e–0110e (11 1 10)
10 5110e–0110e (11 1 11) 6243.4646 511
10 4310e–0110e (11 1 12) 6347.9112 431
12 0223e–0220e (14 2 2) 6366.2447 022
12 0203e–0200e (14 0 1) 6367.3023 020
12 1003e–1000e (14 0 3) 6370.3973 100
12 0113e–0110e (13 1 1) 6406.4208 011
12 2112e–0110e (13 1 7) 6757.6784 211
13 2511e–01101e (13 1 10)
13 4111e–0110e (13 1 12) 7149.7327 411
15 1113e–0110e (15 1 3) 7615.0000 111