0 0510e-0000e (5 1 2)
0 0221e-0000e (6 2 1)
0 1001e-0001e (6 0 6)
0 3000e-2000e (6 0 6)
0 2110e-1110e (5 1 4)
0 1400e-1200e (6 0 5)
0 2220e-1220e (6 2 4)
0 1310e-0310e (5 1 3)
0 0111e-0220e (5 1 1)
0 0001e-0110e (4 0 1)
0 1310e-0220e (5 1 3)
0 2110e-1000e (5 1 4)
0 1310e-0200e (5 1 3)
0 1330e-0220e (5 3 2)
0 1221e-1220e (8 2 3)
0 0421e-0420e (8 2 1)
0 2001e-2000e (8 0 5)
0 1201e-1200e (8 0 4)
0 0401e-0400e (8 0 2)
0 0331e-0330e (7 3 1)
0 1111e-1110e (7 1 3)
0 0002e-0001e (8 0 1)
0 0620e-0220e (6 2 2)
0 2200e-1000e (6 0 4)
0 0311e-0310e (7 1 1)
0 0730e-0330e (7 3 4)
0 1510f-1110f (7 1 5)
0 2001e-0001e (8 0 5)
0 3110e-1110e (7 1 6)
0 0401e-0310e (8 0 2)
0 0421e-0310e (8 2 1)
0 2200e-0110e (6 0 4)
0 0112e-1110e (9 1 1)
0 2200e-0110e (6 0 5)
0 1510e-0200e (7 1 5)
0 2220e-0110e (6 2 4)
0 0002e-0200e (8 0 1)
0 0511e-0310e (9 1 2)
0 1311e-1110e (9 1 4)
0 3001e-2000e (10 0 8)
0 2201e-1200e (10 0 6)
0 1220e-0001e (10 0 3)
0 2111e-1110e (9 1 5)
0 1311e-0310e (9 1 4)
