0 3420-0000 (10 2 20)
0 1511-0000 (11 1 6)
0 0003-0000 (12 0 1)
0 3111-0000 (11 1 8)
0 0402-0000 (12 0 2)
0 4310-0110 (11 1 12)
0 0113-0110 (13 1 1)
0 0512-0110 (13 1 2)
0 5200-1000 (12 0 16)
0 6000-0200 (12 0 15)
0 0203-0200 (14 0 1)
0 0223-0220 (14 2 2)
0 4420-0220 (12 2 27)
0 1003-1000 (14 0 3)
0 0313-0310 (15 1 1)
0 0333-0330 (15 3 2)
0 5310-1110 (13 1 16)
0 1113-1110 (15 1 3)
0 0004-0001 (16 0 1)
0 0403-0400 (16 0 2)
0 1203-1200 (16 0 4)
0 1223-1220 (16 2 7)
0 2003-2000 (16 0 7)
