3910.72041 0.001 8 0 4 e 62 1 1 1 e 63 06HePiGuSoSo.1
3913.58821 0.001 8 0 4 e 60 1 1 1 e 61 06HePiGuSoSo.2
3917.80181 0.001 8 0 4 e 57 1 1 1 e 58 06HePiGuSoSo.3
3920.55158 0.001 8 0 4 e 55 1 1 1 e 56 06HePiGuSoSo.4
3942.16585 0.001 8 0 4 e 38 1 1 1 e 39 06HePiGuSoSo.5
3943.34520 0.001 8 0 4 e 37 1 1 1 e 38 06HePiGuSoSo.6
3946.82101 0.001 8 0 4 e 34 1 1 1 e 35 06HePiGuSoSo.7
3948.46783 0.001 7 1 3 e 46 0 0 1 e 47 06HePiGuSoSo.8
3949.09063 0.001 8 0 4 e 32 1 1 1 e 33 06HePiGuSoSo.9
3951.32233 0.001 8 0 4 e 30 1 1 1 e 31 06HePiGuSoSo.10
3952.42492 0.001 8 0 4 e 29 1 1 1 e 30 06HePiGuSoSo.11
3954.59992 0.001 8 0 4 e 27 1 1 1 e 28 06HePiGuSoSo.12
3954.83451 0.001 7 1 3 e 41 0 0 1 e 42 06HePiGuSoSo.13
3955.67258 0.001 8 0 4 e 26 1 1 1 e 27 06HePiGuSoSo.14
3956.07884 0.001 7 1 3 e 40 0 0 1 e 41 06HePiGuSoSo.15
3956.73782 0.001 8 0 4 e 25 1 1 1 e 26 06HePiGuSoSo.16
3958.53492 0.001 7 1 3 e 38 0 0 1 e 39 06HePiGuSoSo.17
3958.84088 0.001 8 0 4 e 23 1 1 1 e 24 06HePiGuSoSo.18
3959.87965 0.001 8 0 4 e 22 1 1 1 e 23 06HePiGuSoSo.19
3960.90801 0.001 8 0 4 e 21 1 1 1 e 22 06HePiGuSoSo.20
3960.95351 0.001 7 1 3 e 36 0 0 1 e 37 06HePiGuSoSo.21
3962.93933 0.001 8 0 4 e 19 1 1 1 e 20 06HePiGuSoSo.22
3963.33299 0.001 7 1 3 e 34 0 0 1 e 35 06HePiGuSoSo.23
3964.50866 0.001 7 1 3 e 33 0 0 1 e 34 06HePiGuSoSo.24
3964.93485 0.001 8 0 4 e 17 1 1 1 e 18 06HePiGuSoSo.25
3965.67408 0.001 7 1 3 e 32 0 0 1 e 33 06HePiGuSoSo.26
3965.91761 0.001 8 0 4 e 16 1 1 1 e 17 06HePiGuSoSo.27
3966.82805 0.001 7 1 3 e 31 0 0 1 e 32 06HePiGuSoSo.28
3966.89448 0.001 8 0 4 e 15 1 1 1 e 16 06HePiGuSoSo.29
3967.86161 0.001 8 0 4 e 14 1 1 1 e 15 06HePiGuSoSo.30
3967.97337 0.001 7 1 3 e 30 0 0 1 e 31 06HePiGuSoSo.31
3968.81949 0.001 8 0 4 e 13 1 1 1 e 14 06HePiGuSoSo.32
3969.76917 0.001 8 0 4 e 12 1 1 1 e 13 06HePiGuSoSo.33
3969.95014 0.001 8 0 4 e 46 1 1 1 f 46 06HePiGuSoSo.34
3970.23448 0.001 7 1 3 e 28 0 0 1 e 29 06HePiGuSoSo.35
3970.45130 0.001 8 0 4 e 45 1 1 1 f 45 06HePiGuSoSo.36
3971.35097 0.001 7 1 3 e 27 0 0 1 e 28 06HePiGuSoSo.37
3971.41658 0.001 8 0 4 e 43 1 1 1 f 43 06HePiGuSoSo.38
3971.64350 0.001 8 0 4 e 10 1 1 1 e 11 06HePiGuSoSo.39
3971.87958 0.001 8 0 4 e 42 1 1 1 f 42 06HePiGuSoSo.40
3972.33102 0.001 8 0 4 e 41 1 1 1 f 41 06HePiGuSoSo.41
3972.45681 0.001 7 1 3 e 26 0 0 1 e 27 06HePiGuSoSo.42
3972.56590 0.001 8 0 4 e 9 1 1 1 e 10 06HePiGuSoSo.43
3973.19832 0.001 8 0 4 e 39 1 1 1 f 39 06HePiGuSoSo.44
3973.48279 0.001 8 0 4 e 8 1 1 1 e 9 06HePiGuSoSo.45
3973.55293 0.001 7 1 3 e 25 0 0 1 e 26 06HePiGuSoSo.46
3973.61676 0.001 8 0 4 e 38 1 1 1 f 38 06HePiGuSoSo.47
3974.02060 0.001 8 0 4 e 37 1 1 1 f 37 06HePiGuSoSo.48
3974.38887 0.001 8 0 4 e 7 1 1 1 e 8 06HePiGuSoSo.49
3974.63757 0.001 7 1 3 e 24 0 0 1 e 25 06HePiGuSoSo.50
3975.16441 0.001 8 0 4 e 34 1 1 1 f 34 06HePiGuSoSo.51
3983.79728 0.001 8 0 4 e 3 1 1 1 e 2 06HePiGuSoSo.52
3983.96958 0.001 7 1 3 e 15 0 0 1 e 16 06HePiGuSoSo.53
3984.60178 0.001 8 0 4 e 4 1 1 1 e 3 06HePiGuSoSo.54
3984.95782 0.001 7 1 3 e 14 0 0 1 e 15 06HePiGuSoSo.55
3985.89188 0.001 7 1 3 f 55 0 0 1 e 55 06HePiGuSoSo.56
3985.93376 0.001 7 1 3 e 13 0 0 1 e 14 06HePiGuSoSo.57
3986.18181 0.001 8 0 4 e 6 1 1 1 e 5 06HePiGuSoSo.58
3986.90080 0.001 7 1 3 e 12 0 0 1 e 13 06HePiGuSoSo.59
3987.22270 0.001 7 1 3 f 52 0 0 1 e 52 06HePiGuSoSo.60
3987.65004 0.001 7 1 3 f 51 0 0 1 e 51 06HePiGuSoSo.61
3987.73085 0.001 8 0 4 e 8 1 1 1 e 7 06HePiGuSoSo.62
3987.86000 0.001 7 1 3 e 11 0 0 1 e 12 06HePiGuSoSo.63
3988.06890 0.001 7 1 3 f 50 0 0 1 e 50 06HePiGuSoSo.64
3988.47930 0.001 7 1 3 f 49 0 0 1 e 49 06HePiGuSoSo.65
3988.80591 0.001 7 1 3 e 10 0 0 1 e 11 06HePiGuSoSo.66
3989.24527 0.001 8 0 4 e 10 1 1 1 e 9 06HePiGuSoSo.67
3989.27834 0.001 7 1 3 f 47 0 0 1 e 47 06HePiGuSoSo.68
3989.66397 0.001 7 1 3 f 46 0 0 1 e 46 06HePiGuSoSo.69
3989.74423 0.001 7 1 3 e 9 0 0 1 e 10 06HePiGuSoSo.70
3989.98847 0.001 8 0 4 e 11 1 1 1 e 10 06HePiGuSoSo.71
3990.41225 0.001 7 1 3 f 44 0 0 1 e 44 06HePiGuSoSo.72
3990.67210 0.001 7 1 3 e 8 0 0 1 e 9 06HePiGuSoSo.73
3990.77547 0.001 7 1 3 f 43 0 0 1 e 43 06HePiGuSoSo.74
3991.12964 0.001 7 1 3 f 42 0 0 1 e 42 06HePiGuSoSo.75
3991.47513 0.001 7 1 3 f 41 0 0 1 e 41 06HePiGuSoSo.76
3991.58808 0.001 7 1 3 e 7 0 0 1 e 8 06HePiGuSoSo.77
3991.81313 0.001 7 1 3 f 40 0 0 1 e 40 06HePiGuSoSo.78
3992.14250 0.001 7 1 3 f 39 0 0 1 e 39 06HePiGuSoSo.79
3992.46407 0.001 7 1 3 f 38 0 0 1 e 38 06HePiGuSoSo.80
3992.77749 0.001 7 1 3 f 37 0 0 1 e 37 06HePiGuSoSo.81
3992.87347 0.001 8 0 4 e 15 1 1 1 e 14 06HePiGuSoSo.82
3993.08143 0.001 7 1 3 f 36 0 0 1 e 36 06HePiGuSoSo.83
3993.39355 0.001 7 1 3 e 5 0 0 1 e 6 06HePiGuSoSo.84
3993.66636 0.001 7 1 3 f 34 0 0 1 e 34 06HePiGuSoSo.85
3993.94657 0.001 7 1 3 f 33 0 0 1 e 33 06HePiGuSoSo.86
3994.22034 0.001 7 1 3 f 32 0 0 1 e 32 06HePiGuSoSo.87
3994.28049 0.001 7 1 3 e 4 0 0 1 e 5 06HePiGuSoSo.88
3994.48159 0.001 7 1 3 f 31 0 0 1 e 31 06HePiGuSoSo.89
3994.94577 0.001 8 0 4 e 18 1 1 1 e 17 06HePiGuSoSo.90
3995.16183 0.001 7 1 3 e 3 0 0 1 e 4 06HePiGuSoSo.91
3995.22427 0.001 7 1 3 f 28 0 0 1 e 28 06HePiGuSoSo.92
3995.45596 0.001 7 1 3 f 27 0 0 1 e 27 06HePiGuSoSo.93
3995.61906 0.001 8 0 4 e 19 1 1 1 e 18 06HePiGuSoSo.94
3995.67751 0.001 7 1 3 f 26 0 0 1 e 26 06HePiGuSoSo.95
3995.89209 0.001 7 1 3 f 25 0 0 1 e 25 06HePiGuSoSo.96
3996.09712 0.001 7 1 3 f 24 0 0 1 e 24 06HePiGuSoSo.97
3996.29666 0.001 7 1 3 f 23 0 0 1 e 23 06HePiGuSoSo.98
3996.48719 0.001 7 1 3 f 22 0 0 1 e 22 06HePiGuSoSo.99
3996.66754 0.001 7 1 3 f 21 0 0 1 e 21 06HePiGuSoSo.100
3996.84011 0.001 7 1 3 f 20 0 0 1 e 20 06HePiGuSoSo.101
3996.93706 0.001 8 0 4 e 21 1 1 1 e 20 06HePiGuSoSo.102
3997.00376 0.001 7 1 3 f 19 0 0 1 e 19 06HePiGuSoSo.103
3997.16042 0.001 7 1 3 f 18 0 0 1 e 18 06HePiGuSoSo.104
3997.30969 0.001 7 1 3 f 17 0 0 1 e 17 06HePiGuSoSo.105
3997.44936 0.001 7 1 3 f 16 0 0 1 e 16 06HePiGuSoSo.106
3997.58209 0.001 7 1 3 f 15 0 0 1 e 15 06HePiGuSoSo.107
3997.58209 0.001 8 0 4 e 22 1 1 1 e 21 06HePiGuSoSo.108
3997.70568 0.001 7 1 3 f 14 0 0 1 e 14 06HePiGuSoSo.109
3997.82119 0.001 7 1 3 f 13 0 0 1 e 13 06HePiGuSoSo.110
3997.92817 0.001 7 1 3 f 12 0 0 1 e 12 06HePiGuSoSo.111
3998.02730 0.001 7 1 3 f 11 0 0 1 e 11 06HePiGuSoSo.112
3998.11823 0.001 7 1 3 f 10 0 0 1 e 10 06HePiGuSoSo.113
3998.20058 0.001 7 1 3 f 9 0 0 1 e 9 06HePiGuSoSo.114
3998.21916 0.001 8 0 4 e 23 1 1 1 e 22 06HePiGuSoSo.115
3998.27469 0.001 7 1 3 f 8 0 0 1 e 8 06HePiGuSoSo.116
3998.34121 0.001 7 1 3 f 7 0 0 1 e 7 06HePiGuSoSo.117
3998.39953 0.001 7 1 3 f 6 0 0 1 e 6 06HePiGuSoSo.118
3998.44766 0.001 7 1 3 f 5 0 0 1 e 5 06HePiGuSoSo.119
3998.48959 0.001 7 1 3 f 4 0 0 1 e 4 06HePiGuSoSo.120
3999.46456 0.001 8 0 4 e 25 1 1 1 e 24 06HePiGuSoSo.121
4000.07244 0.001 8 0 4 e 26 1 1 1 e 25 06HePiGuSoSo.122
4000.21760 0.001 7 1 3 e 2 0 0 1 e 1 06HePiGuSoSo.123
4000.67156 0.001 8 0 4 e 27 1 1 1 e 26 06HePiGuSoSo.124
4001.02525 0.001 7 1 3 e 3 0 0 1 e 2 06HePiGuSoSo.125
4001.82284 0.001 7 1 3 e 4 0 0 1 e 3 06HePiGuSoSo.126
4001.84343 0.001 8 0 4 e 29 1 1 1 e 28 06HePiGuSoSo.127
4002.41366 0.001 8 0 4 e 30 1 1 1 e 29 06HePiGuSoSo.128
4002.61354 0.001 7 1 3 e 5 0 0 1 e 4 06HePiGuSoSo.129
4002.97415 0.001 8 0 4 e 31 1 1 1 e 30 06HePiGuSoSo.130
4003.38901 0.001 7 1 3 e 6 0 0 1 e 5 06HePiGuSoSo.131
4004.06705 0.001 8 0 4 e 33 1 1 1 e 32 06HePiGuSoSo.132
4004.15755 0.001 7 1 3 e 7 0 0 1 e 6 06HePiGuSoSo.133
4004.91603 0.001 7 1 3 e 8 0 0 1 e 7 06HePiGuSoSo.134
4005.12100 0.001 8 0 4 e 35 1 1 1 e 34 06HePiGuSoSo.135
4005.66335 0.001 7 1 3 e 9 0 0 1 e 8 06HePiGuSoSo.136
4006.40326 0.001 7 1 3 e 10 0 0 1 e 9 06HePiGuSoSo.137
4007.12918 0.001 7 1 3 e 11 0 0 1 e 10 06HePiGuSoSo.138
4007.84808 0.001 7 1 3 e 12 0 0 1 e 11 06HePiGuSoSo.139
4009.25248 0.001 7 1 3 e 14 0 0 1 e 13 06HePiGuSoSo.140
4009.94071 0.001 7 1 3 e 15 0 0 1 e 14 06HePiGuSoSo.141
4011.28653 0.001 7 1 3 e 17 0 0 1 e 16 06HePiGuSoSo.142
4012.59311 0.001 7 1 3 e 19 0 0 1 e 18 06HePiGuSoSo.143
4013.22847 0.001 7 1 3 e 20 0 0 1 e 19 06HePiGuSoSo.144
4013.85613 0.001 7 1 3 e 21 0 0 1 e 20 06HePiGuSoSo.145
4015.67807 0.001 7 1 3 e 24 0 0 1 e 23 06HePiGuSoSo.146
4016.26749 0.001 7 1 3 e 25 0 0 1 e 24 06HePiGuSoSo.147
4019.05073 0.001 7 1 3 e 30 0 0 1 e 29 06HePiGuSoSo.148
4021.58169 0.001 7 1 3 e 35 0 0 1 e 34 06HePiGuSoSo.149
