6402.59680 0.005 12 0 1 e 36 0 0 1 e 37 06WaPeTaGaHaHu.1
6404.14696 0.005 12 0 1 e 35 0 0 1 e 36 06WaPeTaGaHaHu.2
6405.68477 0.005 12 0 1 e 34 0 0 1 e 35 06WaPeTaGaHaHu.3
6407.20516 0.005 12 0 1 e 33 0 0 1 e 34 06WaPeTaGaHaHu.4
6408.69754 0.005 12 0 1 e 32 0 0 1 e 33 06WaPeTaGaHaHu.5
6410.17261 0.005 12 0 1 e 31 0 0 1 e 32 06WaPeTaGaHaHu.6
6411.62496 0.005 12 0 1 e 30 0 0 1 e 31 06WaPeTaGaHaHu.7
6413.06684 0.005 12 0 1 e 29 0 0 1 e 30 06WaPeTaGaHaHu.8
6414.48118 0.005 12 0 1 e 28 0 0 1 e 29 06WaPeTaGaHaHu.9
6415.87739 0.005 12 0 1 e 27 0 0 1 e 28 06WaPeTaGaHaHu.10
6417.25688 0.005 12 0 1 e 26 0 0 1 e 27 06WaPeTaGaHaHu.11
6418.60801 0.005 12 0 1 e 25 0 0 1 e 26 06WaPeTaGaHaHu.12
6419.94937 0.005 12 0 1 e 24 0 0 1 e 25 06WaPeTaGaHaHu.13
6421.26543 0.005 12 0 1 e 23 0 0 1 e 24 06WaPeTaGaHaHu.14
6422.55876 0.005 12 0 1 e 22 0 0 1 e 23 06WaPeTaGaHaHu.15
6423.83315 0.005 12 0 1 e 21 0 0 1 e 22 06WaPeTaGaHaHu.16
6425.09694 0.005 12 0 1 e 20 0 0 1 e 21 06WaPeTaGaHaHu.17
6426.33625 0.005 12 0 1 e 19 0 0 1 e 20 06WaPeTaGaHaHu.18
6427.55626 0.005 12 0 1 e 18 0 0 1 e 19 06WaPeTaGaHaHu.19
6428.75637 0.005 12 0 1 e 17 0 0 1 e 18 06WaPeTaGaHaHu.20
6429.93259 0.005 12 0 1 e 16 0 0 1 e 17 06WaPeTaGaHaHu.21
6431.08515 0.005 12 0 1 e 15 0 0 1 e 16 06WaPeTaGaHaHu.22
6432.22783 0.005 12 0 1 e 14 0 0 1 e 15 06WaPeTaGaHaHu.23
6433.34272 0.005 12 0 1 e 13 0 0 1 e 14 06WaPeTaGaHaHu.24
6434.43702 0.005 12 0 1 e 12 0 0 1 e 13 06WaPeTaGaHaHu.25
6435.51743 0.005 12 0 1 e 11 0 0 1 e 12 06WaPeTaGaHaHu.26
6436.57206 0.005 12 0 1 e 10 0 0 1 e 11 06WaPeTaGaHaHu.27
6437.61857 0.005 12 0 1 e 9 0 0 1 e 10 06WaPeTaGaHaHu.28
6438.62942 0.005 12 0 1 e 8 0 0 1 e 9 06WaPeTaGaHaHu.29
6439.63191 0.005 12 0 1 e 7 0 0 1 e 8 06WaPeTaGaHaHu.30
6440.60685 0.005 12 0 1 e 6 0 0 1 e 7 06WaPeTaGaHaHu.31
6441.56826 0.005 12 0 1 e 5 0 0 1 e 6 06WaPeTaGaHaHu.32
6442.50248 0.005 12 0 1 e 4 0 0 1 e 5 06WaPeTaGaHaHu.33
6443.42093 0.005 12 0 1 e 3 0 0 1 e 4 06WaPeTaGaHaHu.34
6444.31748 0.005 12 0 1 e 2 0 0 1 e 3 06WaPeTaGaHaHu.35
6448.50353 0.005 12 0 1 e 2 0 0 1 e 1 06WaPeTaGaHaHu.36
6449.28238 0.005 12 0 1 e 3 0 0 1 e 2 06WaPeTaGaHaHu.37
6450.04369 0.005 12 0 1 e 4 0 0 1 e 3 06WaPeTaGaHaHu.38
6450.78581 0.005 12 0 1 e 5 0 0 1 e 4 06WaPeTaGaHaHu.39
6451.50358 0.005 12 0 1 e 6 0 0 1 e 5 06WaPeTaGaHaHu.40
6452.19838 0.005 12 0 1 e 7 0 0 1 e 6 06WaPeTaGaHaHu.41
6452.88213 0.005 12 0 1 e 8 0 0 1 e 7 06WaPeTaGaHaHu.42
6453.53457 0.005 12 0 1 e 9 0 0 1 e 8 06WaPeTaGaHaHu.43
6454.16958 0.005 12 0 1 e 10 0 0 1 e 9 06WaPeTaGaHaHu.44
6454.79353 0.005 12 0 1 e 11 0 0 1 e 10 06WaPeTaGaHaHu.45
6455.38688 0.005 12 0 1 e 12 0 0 1 e 11 06WaPeTaGaHaHu.46
6455.96869 0.005 12 0 1 e 13 0 0 1 e 12 06WaPeTaGaHaHu.47
6456.51837 0.005 12 0 1 e 14 0 0 1 e 13 06WaPeTaGaHaHu.48
6457.05875 0.005 12 0 1 e 15 0 0 1 e 14 06WaPeTaGaHaHu.49
6457.57136 0.005 12 0 1 e 16 0 0 1 e 15 06WaPeTaGaHaHu.50
6458.07631 0.005 12 0 1 e 17 0 0 1 e 16 06WaPeTaGaHaHu.51
6458.54948 0.005 12 0 1 e 18 0 0 1 e 17 06WaPeTaGaHaHu.52
6459.00829 0.005 12 0 1 e 19 0 0 1 e 18 06WaPeTaGaHaHu.53
6459.44144 0.005 12 0 1 e 20 0 0 1 e 19 06WaPeTaGaHaHu.54
6459.86259 0.005 12 0 1 e 21 0 0 1 e 20 06WaPeTaGaHaHu.55
6460.25102 0.005 12 0 1 e 22 0 0 1 e 21 06WaPeTaGaHaHu.56
6460.63744 0.005 12 0 1 e 23 0 0 1 e 22 06WaPeTaGaHaHu.57
6460.98773 0.005 12 0 1 e 24 0 0 1 e 23 06WaPeTaGaHaHu.58
6461.32778 0.005 12 0 1 e 25 0 0 1 e 24 06WaPeTaGaHaHu.59
6461.63546 0.005 12 0 1 e 26 0 0 1 e 25 06WaPeTaGaHaHu.60
6461.94408 0.005 12 0 1 e 27 0 0 1 e 26 06WaPeTaGaHaHu.61
6462.21209 0.005 12 0 1 e 28 0 0 1 e 27 06WaPeTaGaHaHu.62
6462.47233 0.005 12 0 1 e 29 0 0 1 e 28 06WaPeTaGaHaHu.63
6462.70233 0.005 12 0 1 e 30 0 0 1 e 29 06WaPeTaGaHaHu.64
6462.92420 0.005 12 0 1 e 31 0 0 1 e 30 06WaPeTaGaHaHu.65
