5906.41574 0.002 11 1 8 e 9 1 1 1 e 10 07LiKaMaRoPeTaHuCa.1
5906.42141 0.002 11 1 8 f 9 1 1 1 f 10 07LiKaMaRoPeTaHuCa.2
5906.53359 0.002 10 0 8 e 8 0 0 1 e 9 07LiKaMaRoPeTaHuCa.3
5907.41225 0.002 11 1 8 e 8 1 1 1 e 9 07LiKaMaRoPeTaHuCa.4
5907.41225 0.002 11 1 8 f 8 1 1 1 f 9 07LiKaMaRoPeTaHuCa.5
5908.47220 0.002 10 0 8 e 6 0 0 1 e 7 07LiKaMaRoPeTaHuCa.6
5909.34410 0.002 11 1 8 e 6 1 1 1 e 7 07LiKaMaRoPeTaHuCa.7
5909.34410 0.002 11 1 8 f 6 1 1 1 f 7 07LiKaMaRoPeTaHuCa.8
5909.41535 0.002 10 0 8 e 5 0 0 1 e 6 07LiKaMaRoPeTaHuCa.9
5910.28437 0.002 11 1 8 e 5 1 1 1 e 6 07LiKaMaRoPeTaHuCa.10
5910.28437 0.002 11 1 8 f 5 1 1 1 f 6 07LiKaMaRoPeTaHuCa.11
5910.34138 0.002 10 0 8 e 4 0 0 1 e 5 07LiKaMaRoPeTaHuCa.12
5911.25122 0.002 10 0 8 e 3 0 0 1 e 4 07LiKaMaRoPeTaHuCa.13
5912.14093 0.002 10 0 8 e 2 0 0 1 e 3 07LiKaMaRoPeTaHuCa.14
5913.01432 0.002 10 0 8 e 1 0 0 1 e 2 07LiKaMaRoPeTaHuCa.15
5916.32995 0.002 10 0 8 e 2 0 0 1 e 1 07LiKaMaRoPeTaHuCa.16
5917.11552 0.002 10 0 8 e 3 0 0 1 e 2 07LiKaMaRoPeTaHuCa.17
5917.87644 0.002 10 0 8 e 4 0 0 1 e 3 07LiKaMaRoPeTaHuCa.18
5917.98862 0.002 11 1 8 f 3 1 1 1 f 2 07LiKaMaRoPeTaHuCa.19
5918.63215 0.002 10 0 8 e 5 0 0 1 e 4 07LiKaMaRoPeTaHuCa.20
5919.36510 0.002 10 0 8 e 6 0 0 1 e 5 07LiKaMaRoPeTaHuCa.21
5919.52223 0.002 11 1 8 f 5 1 1 1 f 4 07LiKaMaRoPeTaHuCa.22
5920.08036 0.002 10 0 8 e 7 0 0 1 e 6 07LiKaMaRoPeTaHuCa.23
5920.26155 0.002 11 1 8 f 6 1 1 1 f 5 07LiKaMaRoPeTaHuCa.24
5920.77641 0.002 10 0 8 e 8 0 0 1 e 7 07LiKaMaRoPeTaHuCa.25
5920.95561 0.002 11 1 8 e 7 1 1 1 e 6 07LiKaMaRoPeTaHuCa.26
5920.98322 0.002 11 1 8 f 7 1 1 1 f 6 07LiKaMaRoPeTaHuCa.27
5921.45426 0.002 10 0 8 e 9 0 0 1 e 8 07LiKaMaRoPeTaHuCa.28
5921.65576 0.002 11 1 8 e 8 1 1 1 e 7 07LiKaMaRoPeTaHuCa.29
5922.11686 0.002 10 0 8 e 10 0 0 1 e 9 07LiKaMaRoPeTaHuCa.30
5922.76038 0.002 10 0 8 e 11 0 0 1 e 10 07LiKaMaRoPeTaHuCa.31
5922.99886 0.002 11 1 8 e 10 1 1 1 e 9 07LiKaMaRoPeTaHuCa.32
5923.05947 0.002 11 1 8 f 10 1 1 1 f 9 07LiKaMaRoPeTaHuCa.33
5923.38506 0.002 10 0 8 e 12 0 0 1 e 11 07LiKaMaRoPeTaHuCa.34
5923.64904 0.002 11 1 8 e 11 1 1 1 e 10 07LiKaMaRoPeTaHuCa.35
5923.70671 0.002 11 1 8 f 11 1 1 1 f 10 07LiKaMaRoPeTaHuCa.36
5923.99589 0.002 10 0 8 e 13 0 0 1 e 12 07LiKaMaRoPeTaHuCa.37
5924.27902 0.002 11 1 8 e 12 1 1 1 e 11 07LiKaMaRoPeTaHuCa.38
5924.34513 0.002 11 1 8 f 12 1 1 1 f 11 07LiKaMaRoPeTaHuCa.39
5924.58595 0.002 10 0 8 e 14 0 0 1 e 13 07LiKaMaRoPeTaHuCa.40
5924.89054 0.002 11 1 8 e 13 1 1 1 e 12 07LiKaMaRoPeTaHuCa.41
5924.96516 0.002 11 1 8 f 13 1 1 1 f 12 07LiKaMaRoPeTaHuCa.42
5925.15995 0.002 10 0 8 e 15 0 0 1 e 14 07LiKaMaRoPeTaHuCa.43
5925.57267 0.002 11 1 8 f 14 1 1 1 f 13 07LiKaMaRoPeTaHuCa.44
5925.71537 0.002 10 0 8 e 16 0 0 1 e 15 07LiKaMaRoPeTaHuCa.45
5926.06846 0.002 11 1 8 e 15 1 1 1 e 14 07LiKaMaRoPeTaHuCa.46
5926.16077 0.002 11 1 8 f 15 1 1 1 f 14 07LiKaMaRoPeTaHuCa.47
5926.25437 0.002 10 0 8 e 17 0 0 1 e 16 07LiKaMaRoPeTaHuCa.48
5926.73269 0.002 11 1 8 f 16 1 1 1 f 15 07LiKaMaRoPeTaHuCa.49
5926.77388 0.002 10 0 8 e 18 0 0 1 e 17 07LiKaMaRoPeTaHuCa.50
5927.16771 0.002 11 1 8 e 17 1 1 1 e 16 07LiKaMaRoPeTaHuCa.51
5927.27582 0.002 10 0 8 e 19 0 0 1 e 18 07LiKaMaRoPeTaHuCa.52
5927.69308 0.002 11 1 8 e 18 1 1 1 e 17 07LiKaMaRoPeTaHuCa.53
5927.76129 0.002 10 0 8 e 20 0 0 1 e 19 07LiKaMaRoPeTaHuCa.54
5927.82632 0.002 11 1 8 f 18 1 1 1 f 17 07LiKaMaRoPeTaHuCa.55
5928.22833 0.002 10 0 8 e 21 0 0 1 e 20 07LiKaMaRoPeTaHuCa.56
5928.34738 0.002 11 1 8 f 19 1 1 1 f 18 07LiKaMaRoPeTaHuCa.57
5928.67970 0.002 10 0 8 e 22 0 0 1 e 21 07LiKaMaRoPeTaHuCa.58
5928.70308 0.002 11 1 8 e 20 1 1 1 e 19 07LiKaMaRoPeTaHuCa.59
5928.85319 0.002 11 1 8 f 20 1 1 1 f 19 07LiKaMaRoPeTaHuCa.60
5929.11137 0.002 10 0 8 e 23 0 0 1 e 22 07LiKaMaRoPeTaHuCa.61
5929.33887 0.002 11 1 8 f 21 1 1 1 f 20 07LiKaMaRoPeTaHuCa.62
5929.52455 0.002 10 0 8 e 24 0 0 1 e 23 07LiKaMaRoPeTaHuCa.63
5929.62206 0.002 11 1 8 e 22 1 1 1 e 21 07LiKaMaRoPeTaHuCa.64
5929.81157 0.002 11 1 8 f 22 1 1 1 f 21 07LiKaMaRoPeTaHuCa.65
5930.06112 0.002 11 1 8 e 23 1 1 1 e 22 07LiKaMaRoPeTaHuCa.66
5930.30246 0.002 10 0 8 e 26 0 0 1 e 25 07LiKaMaRoPeTaHuCa.67
5930.48075 0.002 11 1 8 e 24 1 1 1 e 23 07LiKaMaRoPeTaHuCa.68
5930.66371 0.002 10 0 8 e 27 0 0 1 e 26 07LiKaMaRoPeTaHuCa.69
5930.70788 0.002 11 1 8 f 24 1 1 1 f 23 07LiKaMaRoPeTaHuCa.70
5930.88652 0.002 11 1 8 e 25 1 1 1 e 24 07LiKaMaRoPeTaHuCa.71
5931.00975 0.002 10 0 8 e 28 0 0 1 e 27 07LiKaMaRoPeTaHuCa.72
5931.12673 0.002 11 1 8 f 25 1 1 1 f 24 07LiKaMaRoPeTaHuCa.73
5931.33367 0.002 10 0 8 e 29 0 0 1 e 28 07LiKaMaRoPeTaHuCa.74
5931.53118 0.002 11 1 8 f 26 1 1 1 f 25 07LiKaMaRoPeTaHuCa.75
5931.64425 0.002 10 0 8 e 30 0 0 1 e 29 07LiKaMaRoPeTaHuCa.76
5931.93428 0.002 10 0 8 e 31 0 0 1 e 30 07LiKaMaRoPeTaHuCa.77
5931.99348 0.002 11 1 8 e 28 1 1 1 e 27 07LiKaMaRoPeTaHuCa.78
5932.20907 0.002 10 0 8 e 32 0 0 1 e 31 07LiKaMaRoPeTaHuCa.79
5932.46416 0.002 10 0 8 e 33 0 0 1 e 32 07LiKaMaRoPeTaHuCa.80
5932.70411 0.002 10 0 8 e 34 0 0 1 e 33 07LiKaMaRoPeTaHuCa.81
5932.92336 0.002 10 0 8 e 35 0 0 1 e 34 07LiKaMaRoPeTaHuCa.82
5932.98269 0.002 11 1 8 f 30 1 1 1 f 29 07LiKaMaRoPeTaHuCa.83
5933.12541 0.002 10 0 8 e 36 0 0 1 e 35 07LiKaMaRoPeTaHuCa.84
5933.23412 0.002 11 1 8 e 32 1 1 1 e 31 07LiKaMaRoPeTaHuCa.85
5933.31161 0.002 10 0 8 e 37 0 0 1 e 36 07LiKaMaRoPeTaHuCa.86
5933.48018 0.002 10 0 8 e 38 0 0 1 e 37 07LiKaMaRoPeTaHuCa.87
5933.62881 0.002 10 0 8 e 39 0 0 1 e 38 07LiKaMaRoPeTaHuCa.88
5933.76380 0.002 10 0 8 e 40 0 0 1 e 39 07LiKaMaRoPeTaHuCa.89
5933.87869 0.002 10 0 8 e 41 0 0 1 e 40 07LiKaMaRoPeTaHuCa.90
5933.90160 0.002 11 1 8 f 33 1 1 1 f 32 07LiKaMaRoPeTaHuCa.91
5933.97689 0.002 10 0 8 e 42 0 0 1 e 41 07LiKaMaRoPeTaHuCa.92
5934.00432 0.002 10 0 8 e 52 0 0 1 e 51 07LiKaMaRoPeTaHuCa.93
5934.05594 0.002 10 0 8 e 43 0 0 1 e 42 07LiKaMaRoPeTaHuCa.94
5934.07611 0.002 10 0 8 e 51 0 0 1 e 50 07LiKaMaRoPeTaHuCa.95
5934.12239 0.002 10 0 8 e 44 0 0 1 e 43 07LiKaMaRoPeTaHuCa.96
5934.13250 0.002 10 0 8 e 50 0 0 1 e 49 07LiKaMaRoPeTaHuCa.97
5934.16750 0.002 10 0 8 e 45 0 0 1 e 44 07LiKaMaRoPeTaHuCa.98
5934.16750 0.002 10 0 8 e 49 0 0 1 e 48 07LiKaMaRoPeTaHuCa.99
5934.19751 0.002 10 0 8 e 46 0 0 1 e 45 07LiKaMaRoPeTaHuCa.100
5934.19751 0.002 10 0 8 e 47 0 0 1 e 46 07LiKaMaRoPeTaHuCa.101
5934.19751 0.002 10 0 8 e 48 0 0 1 e 47 07LiKaMaRoPeTaHuCa.102
5934.42680 0.002 11 1 8 f 35 1 1 1 f 34 07LiKaMaRoPeTaHuCa.103
5935.28015 0.002 11 1 8 f 39 1 1 1 f 38 07LiKaMaRoPeTaHuCa.104
5935.47948 0.002 11 1 8 f 40 1 1 1 f 39 07LiKaMaRoPeTaHuCa.105
6089.58459 0.002 10 0 10 e 32 0 0 1 e 33 07LiKaMaRoPeTaHuCa.106
6090.71017 0.002 10 0 10 e 31 0 0 1 e 32 07LiKaMaRoPeTaHuCa.107
6091.82147 0.002 10 0 10 e 30 0 0 1 e 31 07LiKaMaRoPeTaHuCa.108
6092.92625 0.002 10 0 10 e 29 0 0 1 e 30 07LiKaMaRoPeTaHuCa.109
6094.01946 0.002 10 0 10 e 28 0 0 1 e 29 07LiKaMaRoPeTaHuCa.110
6096.17196 0.002 10 0 10 e 26 0 0 1 e 27 07LiKaMaRoPeTaHuCa.111
6097.23701 0.002 10 0 10 e 25 0 0 1 e 26 07LiKaMaRoPeTaHuCa.112
6098.28890 0.002 10 0 10 e 24 0 0 1 e 25 07LiKaMaRoPeTaHuCa.113
6099.33297 0.002 10 0 10 e 23 0 0 1 e 24 07LiKaMaRoPeTaHuCa.114
6101.38943 0.002 10 0 10 e 21 0 0 1 e 22 07LiKaMaRoPeTaHuCa.115
6102.40416 0.002 10 0 10 e 20 0 0 1 e 21 07LiKaMaRoPeTaHuCa.116
6103.40982 0.002 10 0 10 e 19 0 0 1 e 20 07LiKaMaRoPeTaHuCa.117
6104.41591 0.002 10 0 10 e 18 0 0 1 e 19 07LiKaMaRoPeTaHuCa.118
6105.39272 0.002 10 0 10 e 17 0 0 1 e 18 07LiKaMaRoPeTaHuCa.119
6106.37078 0.002 10 0 10 e 16 0 0 1 e 17 07LiKaMaRoPeTaHuCa.120
6107.34140 0.002 10 0 10 e 15 0 0 1 e 16 07LiKaMaRoPeTaHuCa.121
6108.30229 0.002 10 0 10 e 14 0 0 1 e 15 07LiKaMaRoPeTaHuCa.122
6109.25667 0.002 10 0 10 e 13 0 0 1 e 14 07LiKaMaRoPeTaHuCa.123
6110.19889 0.002 10 0 10 e 12 0 0 1 e 13 07LiKaMaRoPeTaHuCa.124
6111.13483 0.002 10 0 10 e 11 0 0 1 e 12 07LiKaMaRoPeTaHuCa.125
6112.06186 0.002 10 0 10 e 10 0 0 1 e 11 07LiKaMaRoPeTaHuCa.126
6112.98028 0.002 10 0 10 e 9 0 0 1 e 10 07LiKaMaRoPeTaHuCa.127
6113.89159 0.002 10 0 10 e 8 0 0 1 e 9 07LiKaMaRoPeTaHuCa.128
6114.79390 0.002 10 0 10 e 7 0 0 1 e 8 07LiKaMaRoPeTaHuCa.129
6115.68879 0.002 10 0 10 e 6 0 0 1 e 7 07LiKaMaRoPeTaHuCa.130
6116.57462 0.002 10 0 10 e 5 0 0 1 e 6 07LiKaMaRoPeTaHuCa.131
6117.44870 0.002 10 0 10 e 4 0 0 1 e 5 07LiKaMaRoPeTaHuCa.132
6118.32206 0.002 10 0 10 e 3 0 0 1 e 4 07LiKaMaRoPeTaHuCa.133
6119.18473 0.002 10 0 10 e 2 0 0 1 e 3 07LiKaMaRoPeTaHuCa.134
6120.03704 0.002 10 0 10 e 1 0 0 1 e 2 07LiKaMaRoPeTaHuCa.135
6131.87920 0.002 10 0 10 e 13 0 0 1 e 12 07LiKaMaRoPeTaHuCa.136
6132.60140 0.002 10 0 10 e 14 0 0 1 e 13 07LiKaMaRoPeTaHuCa.137
6133.31610 0.002 10 0 10 e 15 0 0 1 e 14 07LiKaMaRoPeTaHuCa.138
6134.01920 0.002 10 0 10 e 16 0 0 1 e 15 07LiKaMaRoPeTaHuCa.139
6134.71540 0.002 10 0 10 e 17 0 0 1 e 16 07LiKaMaRoPeTaHuCa.140
6135.40280 0.002 10 0 10 e 18 0 0 1 e 17 07LiKaMaRoPeTaHuCa.141
6136.08000 0.002 10 0 10 e 19 0 0 1 e 18 07LiKaMaRoPeTaHuCa.142
6136.74920 0.002 10 0 10 e 20 0 0 1 e 19 07LiKaMaRoPeTaHuCa.143
6137.41090 0.002 10 0 10 e 21 0 0 1 e 20 07LiKaMaRoPeTaHuCa.144
6138.69950 0.002 10 0 10 e 23 0 0 1 e 22 07LiKaMaRoPeTaHuCa.145
6139.33160 0.002 10 0 10 e 24 0 0 1 e 23 07LiKaMaRoPeTaHuCa.146
6139.94880 0.002 10 0 10 e 25 0 0 1 e 24 07LiKaMaRoPeTaHuCa.147
6140.56040 0.002 10 0 10 e 26 0 0 1 e 25 07LiKaMaRoPeTaHuCa.148
6141.16030 0.002 10 0 10 e 27 0 0 1 e 26 07LiKaMaRoPeTaHuCa.149
6141.75030 0.002 10 0 10 e 28 0 0 1 e 27 07LiKaMaRoPeTaHuCa.150
6142.33060 0.002 10 0 10 e 29 0 0 1 e 28 07LiKaMaRoPeTaHuCa.151
6142.89560 0.002 10 0 10 e 30 0 0 1 e 29 07LiKaMaRoPeTaHuCa.152
6143.45710 0.002 10 0 10 e 31 0 0 1 e 30 07LiKaMaRoPeTaHuCa.153
6144.00750 0.002 10 0 10 e 32 0 0 1 e 31 07LiKaMaRoPeTaHuCa.154
6144.54180 0.002 10 0 10 e 33 0 0 1 e 32 07LiKaMaRoPeTaHuCa.155
6145.06250 0.002 10 0 10 e 34 0 0 1 e 33 07LiKaMaRoPeTaHuCa.156
6145.58170 0.002 10 0 10 e 35 0 0 1 e 34 07LiKaMaRoPeTaHuCa.157
6146.08440 0.002 10 0 10 e 36 0 0 1 e 35 07LiKaMaRoPeTaHuCa.158
6146.56800 0.002 10 0 10 e 37 0 0 1 e 36 07LiKaMaRoPeTaHuCa.159
6147.05540 0.002 10 0 10 e 38 0 0 1 e 37 07LiKaMaRoPeTaHuCa.160
6147.52630 0.002 10 0 10 e 39 0 0 1 e 38 07LiKaMaRoPeTaHuCa.161
6148.85700 0.002 10 0 10 e 42 0 0 1 e 41 07LiKaMaRoPeTaHuCa.162
6194.10650 0.002 10 0 12 e 41 0 0 1 e 42 07LiKaMaRoPeTaHuCa.163
6196.86460 0.002 10 0 1 e 39 0 0 1 e 40 07LiKaMaRoPeTaHuCa.164
6199.56590 0.002 10 0 1 e 37 0 0 1 e 38 07LiKaMaRoPeTaHuCa.165
6200.89610 0.002 10 0 1 e 36 0 0 1 e 37 07LiKaMaRoPeTaHuCa.166
6202.21540 0.002 10 0 1 e 35 0 0 1 e 36 07LiKaMaRoPeTaHuCa.167
6203.51990 0.002 10 0 1 e 34 0 0 1 e 35 07LiKaMaRoPeTaHuCa.168
6204.80750 0.002 10 0 1 e 33 0 0 1 e 34 07LiKaMaRoPeTaHuCa.169
6206.08410 0.002 10 0 1 e 32 0 0 1 e 33 07LiKaMaRoPeTaHuCa.170
6207.34270 0.002 10 0 1 e 31 0 0 1 e 32 07LiKaMaRoPeTaHuCa.171
6209.49680 0.002 11 1 11 e 31 1 1 1 e 32 07LiKaMaRoPeTaHuCa.172
6209.82870 0.002 10 0 1 e 29 0 0 1 e 30 07LiKaMaRoPeTaHuCa.173
6210.75360 0.002 11 1 11 f 31 1 1 1 f 32 07LiKaMaRoPeTaHuCa.174
6210.78430 0.002 11 1 11 e 30 1 1 1 e 31 07LiKaMaRoPeTaHuCa.175
6211.04760 0.002 10 0 1 e 28 0 0 1 e 29 07LiKaMaRoPeTaHuCa.176
6211.95370 0.002 11 1 11 f 30 1 1 1 f 31 07LiKaMaRoPeTaHuCa.177
6212.05410 0.002 11 1 11 e 29 1 1 1 e 30 07LiKaMaRoPeTaHuCa.178
6214.32900 0.002 11 1 11 f 28 1 1 1 f 29 07LiKaMaRoPeTaHuCa.179
6214.63800 0.002 10 0 1 e 25 0 0 1 e 26 07LiKaMaRoPeTaHuCa.180
6215.49650 0.002 11 1 11 f 27 1 1 1 f 28 07LiKaMaRoPeTaHuCa.181
6215.79460 0.002 10 0 1 e 24 0 0 1 e 25 07LiKaMaRoPeTaHuCa.182
6216.94690 0.002 10 0 1 e 23 0 0 1 e 24 07LiKaMaRoPeTaHuCa.183
6217.80130 0.002 11 1 11 f 25 1 1 1 f 26 07LiKaMaRoPeTaHuCa.184
6218.08820 0.002 10 0 1 e 22 0 0 1 e 23 07LiKaMaRoPeTaHuCa.185
6218.93730 0.002 11 1 11 f 24 1 1 1 f 25 07LiKaMaRoPeTaHuCa.186
6220.06030 0.002 11 1 11 f 23 1 1 1 f 24 07LiKaMaRoPeTaHuCa.187
6220.32770 0.002 10 0 1 e 20 0 0 1 e 21 07LiKaMaRoPeTaHuCa.188
6220.54780 0.002 11 1 11 e 22 1 1 1 e 23 07LiKaMaRoPeTaHuCa.189
6221.17040 0.002 11 1 11 f 22 1 1 1 f 23 07LiKaMaRoPeTaHuCa.190
6221.43260 0.002 10 0 1 e 19 0 0 1 e 20 07LiKaMaRoPeTaHuCa.191
6221.70100 0.002 11 1 11 e 21 1 1 1 e 22 07LiKaMaRoPeTaHuCa.192
6222.26940 0.002 11 1 11 f 21 1 1 1 f 22 07LiKaMaRoPeTaHuCa.193
6222.51230 0.002 10 0 1 e 18 0 0 1 e 19 07LiKaMaRoPeTaHuCa.194
6222.84230 0.002 11 1 11 e 20 1 1 1 e 21 07LiKaMaRoPeTaHuCa.195
6223.35560 0.002 11 1 11 f 20 1 1 1 f 21 07LiKaMaRoPeTaHuCa.196
6223.58670 0.002 10 0 1 e 17 0 0 1 e 18 07LiKaMaRoPeTaHuCa.197
6223.96860 0.002 11 1 11 e 19 1 1 1 e 20 07LiKaMaRoPeTaHuCa.198
6224.43190 0.002 11 1 11 f 19 1 1 1 f 20 07LiKaMaRoPeTaHuCa.199
6224.64620 0.002 10 0 1 e 16 0 0 1 e 17 07LiKaMaRoPeTaHuCa.200
6225.08140 0.002 11 1 11 e 18 1 1 1 e 19 07LiKaMaRoPeTaHuCa.201
6225.69510 0.002 10 0 1 e 15 0 0 1 e 16 07LiKaMaRoPeTaHuCa.202
6226.17280 0.002 11 1 11 e 17 1 1 1 e 18 07LiKaMaRoPeTaHuCa.203
6226.72930 0.002 10 0 1 e 14 0 0 1 e 15 07LiKaMaRoPeTaHuCa.204
6227.26090 0.002 11 1 11 e 16 1 1 1 e 17 07LiKaMaRoPeTaHuCa.205
6227.58910 0.002 11 1 11 f 16 1 1 1 f 17 07LiKaMaRoPeTaHuCa.206
6227.74730 0.002 10 0 1 e 13 0 0 1 e 14 07LiKaMaRoPeTaHuCa.207
6228.61610 0.002 11 1 11 f 15 1 1 1 f 16 07LiKaMaRoPeTaHuCa.208
6228.75030 0.002 10 0 1 e 12 0 0 1 e 13 07LiKaMaRoPeTaHuCa.209
6229.38200 0.002 11 1 11 e 14 1 1 1 e 15 07LiKaMaRoPeTaHuCa.210
6229.75020 0.002 10 0 1 e 11 0 0 1 e 12 07LiKaMaRoPeTaHuCa.211
6230.42350 0.002 11 1 11 e 13 1 1 1 e 14 07LiKaMaRoPeTaHuCa.212
6230.64000 0.002 11 1 11 f 13 1 1 1 f 14 07LiKaMaRoPeTaHuCa.213
6230.73180 0.002 10 0 1 e 10 0 0 1 e 11 07LiKaMaRoPeTaHuCa.214
6231.69830 0.002 10 0 1 e 9 0 0 1 e 10 07LiKaMaRoPeTaHuCa.215
6232.45640 0.002 11 1 11 e 11 1 1 1 e 12 07LiKaMaRoPeTaHuCa.216
6232.61140 0.002 11 1 11 f 11 1 1 1 f 12 07LiKaMaRoPeTaHuCa.217
6232.65440 0.002 10 0 1 e 8 0 0 1 e 9 07LiKaMaRoPeTaHuCa.218
6233.45540 0.002 11 1 11 e 10 1 1 1 e 11 07LiKaMaRoPeTaHuCa.219
6233.59610 0.002 10 0 1 e 7 0 0 1 e 8 07LiKaMaRoPeTaHuCa.220
6234.43530 0.002 11 1 11 e 9 1 1 1 e 10 07LiKaMaRoPeTaHuCa.221
6234.52500 0.002 10 0 1 e 6 0 0 1 e 7 07LiKaMaRoPeTaHuCa.222
6235.40570 0.002 11 1 11 e 8 1 1 1 e 9 07LiKaMaRoPeTaHuCa.223
6235.44270 0.002 10 0 1 e 5 0 0 1 e 6 07LiKaMaRoPeTaHuCa.224
6235.48080 0.002 11 1 11 f 8 1 1 1 f 9 07LiKaMaRoPeTaHuCa.225
6236.34520 0.002 10 0 1 e 4 0 0 1 e 5 07LiKaMaRoPeTaHuCa.226
6236.41820 0.002 11 1 11 f 7 1 1 1 f 8 07LiKaMaRoPeTaHuCa.227
6237.24050 0.002 10 0 1 e 3 0 0 1 e 4 07LiKaMaRoPeTaHuCa.228
6237.33830 0.002 11 1 11 f 6 1 1 1 f 7 07LiKaMaRoPeTaHuCa.229
6238.11210 0.002 10 0 1 e 2 0 0 1 e 3 07LiKaMaRoPeTaHuCa.230
6238.97470 0.002 10 0 1 e 1 0 0 1 e 2 07LiKaMaRoPeTaHuCa.231
6239.13280 0.002 11 1 11 e 4 1 1 1 e 5 07LiKaMaRoPeTaHuCa.232
6239.14850 0.002 11 1 11 f 4 1 1 1 f 5 07LiKaMaRoPeTaHuCa.233
6240.03230 0.002 11 1 11 e 3 1 1 1 e 4 07LiKaMaRoPeTaHuCa.234
6240.03230 0.002 11 1 11 f 3 1 1 1 f 4 07LiKaMaRoPeTaHuCa.235
6242.30060 0.002 10 0 1 e 2 0 0 1 e 1 07LiKaMaRoPeTaHuCa.236
6243.09940 0.002 10 0 1 e 3 0 0 1 e 2 07LiKaMaRoPeTaHuCa.237
6243.88600 0.002 10 0 1 e 4 0 0 1 e 3 07LiKaMaRoPeTaHuCa.238
6244.65790 0.002 10 0 1 e 5 0 0 1 e 4 07LiKaMaRoPeTaHuCa.239
6245.41840 0.002 10 0 1 e 6 0 0 1 e 5 07LiKaMaRoPeTaHuCa.240
6246.16520 0.002 10 0 1 e 7 0 0 1 e 6 07LiKaMaRoPeTaHuCa.241
6246.67440 0.002 11 1 11 e 4 1 1 1 e 3 07LiKaMaRoPeTaHuCa.242
6246.89850 0.002 10 0 1 e 8 0 0 1 e 7 07LiKaMaRoPeTaHuCa.243
6247.48820 0.002 11 1 11 f 5 1 1 1 f 4 07LiKaMaRoPeTaHuCa.244
6247.61960 0.002 10 0 1 e 9 0 0 1 e 8 07LiKaMaRoPeTaHuCa.245
6248.24980 0.002 11 1 11 f 6 1 1 1 f 5 07LiKaMaRoPeTaHuCa.246
6248.32680 0.002 10 0 1 e 10 0 0 1 e 9 07LiKaMaRoPeTaHuCa.247
6248.93110 0.002 11 1 11 e 7 1 1 1 e 6 07LiKaMaRoPeTaHuCa.248
6249.02120 0.002 10 0 1 e 11 0 0 1 e 10 07LiKaMaRoPeTaHuCa.249
6249.70140 0.002 10 0 1 e 12 0 0 1 e 11 07LiKaMaRoPeTaHuCa.250
6249.76180 0.002 11 1 11 f 8 1 1 1 f 7 07LiKaMaRoPeTaHuCa.251
6250.36980 0.002 10 0 1 e 13 0 0 1 e 12 07LiKaMaRoPeTaHuCa.252
6250.49390 0.002 11 1 11 f 9 1 1 1 f 8 07LiKaMaRoPeTaHuCa.253
6251.02700 0.002 10 0 1 e 14 0 0 1 e 13 07LiKaMaRoPeTaHuCa.254
6251.21530 0.002 11 1 11 f 10 1 1 1 f 9 07LiKaMaRoPeTaHuCa.255
6251.66630 0.002 10 0 1 e 15 0 0 1 e 14 07LiKaMaRoPeTaHuCa.256
6251.73500 0.002 11 1 11 e 11 1 1 1 e 10 07LiKaMaRoPeTaHuCa.257
6252.29420 0.002 10 0 1 e 16 0 0 1 e 15 07LiKaMaRoPeTaHuCa.258
6252.40010 0.002 11 1 11 e 12 1 1 1 e 11 07LiKaMaRoPeTaHuCa.259
6252.62360 0.002 11 1 11 f 12 1 1 1 f 11 07LiKaMaRoPeTaHuCa.260
6252.90940 0.002 10 0 1 e 17 0 0 1 e 16 07LiKaMaRoPeTaHuCa.261
6253.05090 0.002 11 1 11 e 13 1 1 1 e 12 07LiKaMaRoPeTaHuCa.262
6253.30960 0.002 11 1 11 f 13 1 1 1 f 12 07LiKaMaRoPeTaHuCa.263
6253.50450 0.002 10 0 1 e 18 0 0 1 e 17 07LiKaMaRoPeTaHuCa.264
6253.68490 0.002 11 1 11 e 14 1 1 1 e 13 07LiKaMaRoPeTaHuCa.265
6253.98180 0.002 11 1 11 f 14 1 1 1 f 13 07LiKaMaRoPeTaHuCa.266
6254.09780 0.002 10 0 1 e 19 0 0 1 e 18 07LiKaMaRoPeTaHuCa.267
6254.67170 0.002 10 0 1 e 20 0 0 1 e 19 07LiKaMaRoPeTaHuCa.268
6254.91490 0.002 11 1 11 e 16 1 1 1 e 15 07LiKaMaRoPeTaHuCa.269
6255.23230 0.002 10 0 1 e 21 0 0 1 e 20 07LiKaMaRoPeTaHuCa.270
6255.77830 0.002 10 0 1 e 22 0 0 1 e 21 07LiKaMaRoPeTaHuCa.271
6255.93560 0.002 11 1 11 f 17 1 1 1 f 16 07LiKaMaRoPeTaHuCa.272
6256.55790 0.002 11 1 11 f 18 1 1 1 f 17 07LiKaMaRoPeTaHuCa.273
6256.64890 0.002 11 1 11 e 19 1 1 1 e 18 07LiKaMaRoPeTaHuCa.274
6256.83650 0.002 10 0 1 e 24 0 0 1 e 23 07LiKaMaRoPeTaHuCa.275
6257.17690 0.002 11 1 11 f 19 1 1 1 f 18 07LiKaMaRoPeTaHuCa.276
6257.19710 0.002 11 1 11 e 20 1 1 1 e 19 07LiKaMaRoPeTaHuCa.277
6257.73010 0.002 11 1 11 e 21 1 1 1 e 20 07LiKaMaRoPeTaHuCa.278
6257.78010 0.002 11 1 11 f 20 1 1 1 f 19 07LiKaMaRoPeTaHuCa.279
6257.83300 0.002 10 0 1 e 26 0 0 1 e 25 07LiKaMaRoPeTaHuCa.280
6258.31290 0.002 10 0 1 e 27 0 0 1 e 26 07LiKaMaRoPeTaHuCa.281
6258.77910 0.002 10 0 1 e 28 0 0 1 e 27 07LiKaMaRoPeTaHuCa.282
6258.94940 0.002 11 1 11 f 22 1 1 1 f 21 07LiKaMaRoPeTaHuCa.283
6259.66890 0.002 10 0 1 e 30 0 0 1 e 29 07LiKaMaRoPeTaHuCa.284
6259.72140 0.002 11 1 11 e 25 1 1 1 e 24 07LiKaMaRoPeTaHuCa.285
6260.07100 0.002 11 1 11 f 24 1 1 1 f 23 07LiKaMaRoPeTaHuCa.286
6260.09120 0.002 10 0 1 e 31 0 0 1 e 30 07LiKaMaRoPeTaHuCa.287
6260.18130 0.002 11 1 11 e 26 1 1 1 e 25 07LiKaMaRoPeTaHuCa.288
6260.50330 0.002 10 0 1 e 32 0 0 1 e 31 07LiKaMaRoPeTaHuCa.289
6260.89720 0.002 10 0 1 e 33 0 0 1 e 32 07LiKaMaRoPeTaHuCa.290
6261.05820 0.002 11 1 11 e 28 1 1 1 e 27 07LiKaMaRoPeTaHuCa.291
6261.27980 0.002 10 0 1 e 34 0 0 1 e 33 07LiKaMaRoPeTaHuCa.292
6261.65060 0.002 10 0 1 e 35 0 0 1 e 34 07LiKaMaRoPeTaHuCa.293
6262.00140 0.002 10 0 1 e 36 0 0 1 e 35 07LiKaMaRoPeTaHuCa.294
6262.66410 0.002 10 0 1 e 38 0 0 1 e 37 07LiKaMaRoPeTaHuCa.295
6262.97430 0.002 10 0 1 e 39 0 0 1 e 38 07LiKaMaRoPeTaHuCa.296
6263.55400 0.002 10 0 12 e 41 0 0 1 e 40 07LiKaMaRoPeTaHuCa.297
6263.82080 0.002 10 0 12 e 42 0 0 1 e 41 07LiKaMaRoPeTaHuCa.298
6264.07160 0.002 10 0 12 e 43 0 0 1 e 42 07LiKaMaRoPeTaHuCa.299
6264.31200 0.002 10 0 12 e 44 0 0 1 e 43 07LiKaMaRoPeTaHuCa.300
6264.74080 0.002 10 0 12 e 46 0 0 1 e 45 07LiKaMaRoPeTaHuCa.301
6270.15020 0.002 10 0 1 e 43 0 0 1 e 44 07LiKaMaRoPeTaHuCa.302
6273.24080 0.002 10 0 1 e 41 0 0 1 e 42 07LiKaMaRoPeTaHuCa.303
6274.76220 0.002 10 0 12 e 40 0 0 1 e 41 07LiKaMaRoPeTaHuCa.304
6277.75980 0.002 10 0 12 e 38 0 0 1 e 39 07LiKaMaRoPeTaHuCa.305
6282.13570 0.002 10 0 12 e 35 0 0 1 e 36 07LiKaMaRoPeTaHuCa.306
6284.97040 0.002 10 0 12 e 33 0 0 1 e 34 07LiKaMaRoPeTaHuCa.307
6286.36700 0.002 10 0 12 e 32 0 0 1 e 33 07LiKaMaRoPeTaHuCa.308
6289.10640 0.002 10 0 12 e 30 0 0 1 e 31 07LiKaMaRoPeTaHuCa.309
6293.09210 0.002 10 0 12 e 27 0 0 1 e 28 07LiKaMaRoPeTaHuCa.310
6295.66480 0.002 10 0 12 e 25 0 0 1 e 26 07LiKaMaRoPeTaHuCa.311
6296.92870 0.002 10 0 12 e 24 0 0 1 e 25 07LiKaMaRoPeTaHuCa.312
6298.17330 0.002 10 0 12 e 23 0 0 1 e 24 07LiKaMaRoPeTaHuCa.313
6299.40580 0.002 10 0 12 e 22 0 0 1 e 23 07LiKaMaRoPeTaHuCa.314
6300.61560 0.002 10 0 12 e 21 0 0 1 e 22 07LiKaMaRoPeTaHuCa.315
6301.81060 0.002 10 0 12 e 20 0 0 1 e 21 07LiKaMaRoPeTaHuCa.316
6302.98910 0.002 10 0 12 e 19 0 0 1 e 20 07LiKaMaRoPeTaHuCa.317
6305.29680 0.002 10 0 12 e 17 0 0 1 e 18 07LiKaMaRoPeTaHuCa.318
6307.53500 0.002 10 0 12 e 15 0 0 1 e 16 07LiKaMaRoPeTaHuCa.319
6308.63020 0.002 10 0 12 e 14 0 0 1 e 15 07LiKaMaRoPeTaHuCa.320
6309.70660 0.002 10 0 12 e 13 0 0 1 e 14 07LiKaMaRoPeTaHuCa.321
6310.76680 0.002 10 0 12 e 12 0 0 1 e 13 07LiKaMaRoPeTaHuCa.322
6311.81130 0.002 10 0 12 e 11 0 0 1 e 12 07LiKaMaRoPeTaHuCa.323
6312.83730 0.002 10 0 12 e 10 0 0 1 e 11 07LiKaMaRoPeTaHuCa.324
6313.84580 0.002 10 0 12 e 9 0 0 1 e 10 07LiKaMaRoPeTaHuCa.325
6315.81450 0.002 10 0 12 e 7 0 0 1 e 8 07LiKaMaRoPeTaHuCa.326
6319.54260 0.002 10 0 12 e 3 0 0 1 e 4 07LiKaMaRoPeTaHuCa.327
6324.62170 0.002 10 0 12 e 2 0 0 1 e 1 07LiKaMaRoPeTaHuCa.328
6325.40830 0.002 10 0 12 e 3 0 0 1 e 2 07LiKaMaRoPeTaHuCa.329
6326.17170 0.002 10 0 12 e 4 0 0 1 e 3 07LiKaMaRoPeTaHuCa.330
6326.92830 0.002 10 0 12 e 5 0 0 1 e 4 07LiKaMaRoPeTaHuCa.331
6327.66410 0.002 10 0 12 e 6 0 0 1 e 5 07LiKaMaRoPeTaHuCa.332
6328.38300 0.002 10 0 12 e 7 0 0 1 e 6 07LiKaMaRoPeTaHuCa.333
6329.08290 0.002 10 0 12 e 8 0 0 1 e 7 07LiKaMaRoPeTaHuCa.334
6329.29070 0.002 14 0 1 e 32 2 0 1 e 33 07LiKaMaRoPeTaHuCa.335
6330.43160 0.002 10 0 12 e 10 0 0 1 e 9 07LiKaMaRoPeTaHuCa.336
6330.76010 0.002 14 0 1 e 31 2 0 1 e 32 07LiKaMaRoPeTaHuCa.337
6331.71520 0.002 10 0 12 e 12 0 0 1 e 11 07LiKaMaRoPeTaHuCa.338
6332.32850 0.002 10 0 12 e 13 0 0 1 e 12 07LiKaMaRoPeTaHuCa.339
6332.92620 0.002 10 0 12 e 14 0 0 1 e 13 07LiKaMaRoPeTaHuCa.340
6333.50770 0.002 10 0 12 e 15 0 0 1 e 14 07LiKaMaRoPeTaHuCa.341
6333.62310 0.002 14 0 1 e 29 2 0 1 e 30 07LiKaMaRoPeTaHuCa.342
6334.07170 0.002 10 0 12 e 16 0 0 1 e 15 07LiKaMaRoPeTaHuCa.343
6334.61650 0.002 10 0 12 e 17 0 0 1 e 16 07LiKaMaRoPeTaHuCa.344
6335.03290 0.002 14 0 1 e 28 2 0 1 e 29 07LiKaMaRoPeTaHuCa.345
6335.14660 0.002 10 0 12 e 18 0 0 1 e 17 07LiKaMaRoPeTaHuCa.346
6335.65930 0.002 10 0 12 e 19 0 0 1 e 18 07LiKaMaRoPeTaHuCa.347
6336.15510 0.002 10 0 12 e 20 0 0 1 e 19 07LiKaMaRoPeTaHuCa.348
6336.41760 0.002 14 0 1 e 27 2 0 1 e 28 07LiKaMaRoPeTaHuCa.349
6336.63380 0.002 10 0 12 e 21 0 0 1 e 20 07LiKaMaRoPeTaHuCa.350
6337.09570 0.002 10 0 12 e 22 0 0 1 e 21 07LiKaMaRoPeTaHuCa.351
6337.78460 0.002 14 0 1 e 26 2 0 1 e 27 07LiKaMaRoPeTaHuCa.352
6337.96740 0.002 10 0 12 e 24 0 0 1 e 23 07LiKaMaRoPeTaHuCa.353
6338.05560 0.002 14 2 2 e 25 2 2 1 e 26 07LiKaMaRoPeTaHuCa.354
6338.37900 0.002 10 0 12 e 25 0 0 1 e 24 07LiKaMaRoPeTaHuCa.355
6339.12300 0.002 14 0 1 e 25 2 0 1 e 26 07LiKaMaRoPeTaHuCa.356
6339.14900 0.002 10 0 12 e 27 0 0 1 e 26 07LiKaMaRoPeTaHuCa.357
6339.38180 0.002 14 2 2 e 24 2 2 1 e 25 07LiKaMaRoPeTaHuCa.358
6339.50910 0.002 10 0 12 e 28 0 0 1 e 27 07LiKaMaRoPeTaHuCa.359
6339.85360 0.002 10 0 12 e 29 0 0 1 e 28 07LiKaMaRoPeTaHuCa.360
6340.18000 0.002 10 0 12 e 30 0 0 1 e 29 07LiKaMaRoPeTaHuCa.361
6340.45460 0.002 14 0 1 e 24 2 0 1 e 25 07LiKaMaRoPeTaHuCa.362
6340.49120 0.002 10 0 12 e 31 0 0 1 e 30 07LiKaMaRoPeTaHuCa.363
6340.69110 0.002 14 2 2 e 23 2 2 1 e 24 07LiKaMaRoPeTaHuCa.364
6340.78490 0.002 10 0 12 e 32 0 0 1 e 31 07LiKaMaRoPeTaHuCa.365
6341.06230 0.002 10 0 12 e 33 0 0 1 e 32 07LiKaMaRoPeTaHuCa.366
6341.32170 0.002 10 0 12 e 34 0 0 1 e 33 07LiKaMaRoPeTaHuCa.367
6341.56730 0.002 10 0 12 e 35 0 0 1 e 34 07LiKaMaRoPeTaHuCa.368
6341.76390 0.002 14 0 1 e 23 2 0 1 e 24 07LiKaMaRoPeTaHuCa.369
6341.79510 0.002 10 0 12 e 36 0 0 1 e 35 07LiKaMaRoPeTaHuCa.370
6341.98030 0.002 14 2 2 e 22 2 2 1 e 23 07LiKaMaRoPeTaHuCa.371
6342.00650 0.002 10 0 12 e 37 0 0 1 e 36 07LiKaMaRoPeTaHuCa.372
6342.20170 0.002 10 0 12 e 38 0 0 1 e 37 07LiKaMaRoPeTaHuCa.373
6342.38160 0.002 10 0 12 e 39 0 0 1 e 38 07LiKaMaRoPeTaHuCa.374
6342.54350 0.002 10 0 12 e 40 0 0 1 e 39 07LiKaMaRoPeTaHuCa.375
6342.69040 0.002 10 0 1 e 41 0 0 1 e 40 07LiKaMaRoPeTaHuCa.376
6342.82160 0.002 10 0 1 e 42 0 0 1 e 41 07LiKaMaRoPeTaHuCa.377
6342.93670 0.002 10 0 1 e 43 0 0 1 e 42 07LiKaMaRoPeTaHuCa.378
6343.03470 0.002 10 0 1 e 44 0 0 1 e 43 07LiKaMaRoPeTaHuCa.379
6343.11840 0.002 10 0 1 e 45 0 0 1 e 44 07LiKaMaRoPeTaHuCa.380
6343.18670 0.002 10 0 1 e 46 0 0 1 e 45 07LiKaMaRoPeTaHuCa.381
6343.24710 0.002 14 2 2 e 21 2 2 1 e 22 07LiKaMaRoPeTaHuCa.382
6343.24710 0.002 10 0 1 e 47 0 0 1 e 46 07LiKaMaRoPeTaHuCa.383
6343.27350 0.002 10 0 1 e 48 0 0 1 e 47 07LiKaMaRoPeTaHuCa.384
6343.29950 0.002 10 0 1 e 49 0 0 1 e 48 07LiKaMaRoPeTaHuCa.385
6344.31900 0.002 14 0 1 e 21 2 0 1 e 22 07LiKaMaRoPeTaHuCa.386
6344.50030 0.002 14 2 2 e 20 2 2 1 e 21 07LiKaMaRoPeTaHuCa.387
6345.57070 0.002 14 0 1 e 20 2 0 1 e 21 07LiKaMaRoPeTaHuCa.388
6345.73100 0.002 14 2 2 e 19 2 2 1 e 20 07LiKaMaRoPeTaHuCa.389
6346.79990 0.002 14 0 1 e 19 2 0 1 e 20 07LiKaMaRoPeTaHuCa.390
6346.94240 0.002 14 2 2 e 18 2 2 1 e 19 07LiKaMaRoPeTaHuCa.391
6348.00920 0.002 14 0 1 e 18 2 0 1 e 19 07LiKaMaRoPeTaHuCa.392
6348.13380 0.002 14 2 2 e 17 2 2 1 e 18 07LiKaMaRoPeTaHuCa.393
6349.20050 0.002 14 0 1 e 17 2 0 1 e 18 07LiKaMaRoPeTaHuCa.394
6349.30650 0.002 14 2 2 e 16 2 2 1 e 17 07LiKaMaRoPeTaHuCa.395
6350.37060 0.002 14 0 1 e 16 2 0 1 e 17 07LiKaMaRoPeTaHuCa.396
6350.45790 0.002 14 2 2 e 15 2 2 1 e 16 07LiKaMaRoPeTaHuCa.397
6351.59250 0.002 14 2 2 e 14 2 2 1 e 15 07LiKaMaRoPeTaHuCa.398
6352.65560 0.002 14 0 1 e 14 2 0 1 e 15 07LiKaMaRoPeTaHuCa.399
6352.70590 0.002 14 2 2 e 13 2 2 1 e 14 07LiKaMaRoPeTaHuCa.400
6353.77050 0.002 14 0 1 e 13 2 0 1 e 14 07LiKaMaRoPeTaHuCa.401
6353.79890 0.002 14 2 2 e 12 2 2 1 e 13 07LiKaMaRoPeTaHuCa.402
6354.87320 0.002 14 2 2 e 11 2 2 1 e 12 07LiKaMaRoPeTaHuCa.403
6356.98940 0.002 14 0 1 e 10 2 0 1 e 11 07LiKaMaRoPeTaHuCa.404
6358.97430 0.002 14 2 2 e 7 2 2 1 e 8 07LiKaMaRoPeTaHuCa.405
6359.01220 0.002 13 1 1 f 38 1 1 1 f 39 07LiKaMaRoPeTaHuCa.406
6359.04320 0.002 14 0 1 e 8 2 0 1 e 9 07LiKaMaRoPeTaHuCa.407
6359.13920 0.002 13 1 1 e 38 1 1 1 e 39 07LiKaMaRoPeTaHuCa.408
6360.03650 0.002 14 0 1 e 7 2 0 1 e 8 07LiKaMaRoPeTaHuCa.409
6360.59320 0.002 13 1 1 f 37 1 1 1 f 38 07LiKaMaRoPeTaHuCa.410
6360.72390 0.002 13 1 1 e 37 1 1 1 e 38 07LiKaMaRoPeTaHuCa.411
6360.91380 0.002 14 2 2 e 5 2 2 1 e 6 07LiKaMaRoPeTaHuCa.412
6361.01600 0.002 14 0 1 e 6 2 0 1 e 7 07LiKaMaRoPeTaHuCa.413
6362.17170 0.002 13 1 1 f 36 1 1 1 f 37 07LiKaMaRoPeTaHuCa.414
6362.29020 0.002 13 1 1 e 36 1 1 1 e 37 07LiKaMaRoPeTaHuCa.415
6362.91170 0.002 14 0 1 e 4 2 0 1 e 5 07LiKaMaRoPeTaHuCa.416
6363.83430 0.002 13 1 1 e 35 1 1 1 e 36 07LiKaMaRoPeTaHuCa.417
6365.36200 0.002 12 0 1 e 57 0 0 1 e 58 07LiKaMaRoPeTaHuCa.418
6365.36200 0.002 13 1 1 e 34 1 1 1 e 35 07LiKaMaRoPeTaHuCa.419
6366.76670 0.002 13 1 1 f 33 1 1 1 f 34 07LiKaMaRoPeTaHuCa.420
6366.86990 0.002 13 1 1 e 33 1 1 1 e 34 07LiKaMaRoPeTaHuCa.421
6367.33200 0.002 12 0 1 e 56 0 0 1 e 57 07LiKaMaRoPeTaHuCa.422
6368.25810 0.002 13 1 1 f 32 1 1 1 f 33 07LiKaMaRoPeTaHuCa.423
6368.35780 0.002 13 1 1 e 32 1 1 1 e 33 07LiKaMaRoPeTaHuCa.424
6369.28350 0.002 12 0 1 e 55 0 0 1 e 56 07LiKaMaRoPeTaHuCa.425
6369.72950 0.002 13 1 1 f 31 1 1 1 f 32 07LiKaMaRoPeTaHuCa.426
6369.82640 0.002 13 1 1 e 31 1 1 1 e 32 07LiKaMaRoPeTaHuCa.427
6370.15310 0.002 14 2 2 e 5 2 2 1 e 4 07LiKaMaRoPeTaHuCa.428
6371.18340 0.002 13 1 1 f 30 1 1 1 f 31 07LiKaMaRoPeTaHuCa.429
6371.21690 0.002 12 0 1 e 54 0 0 1 e 55 07LiKaMaRoPeTaHuCa.430
6371.27370 0.002 13 1 1 e 30 1 1 1 e 31 07LiKaMaRoPeTaHuCa.431
6371.93170 0.002 14 0 1 e 6 2 0 1 e 5 07LiKaMaRoPeTaHuCa.432
6372.26290 0.002 14 2 2 e 8 2 2 1 e 7 07LiKaMaRoPeTaHuCa.433
6372.61630 0.002 13 1 1 f 29 1 1 1 f 30 07LiKaMaRoPeTaHuCa.434
6372.63190 0.002 14 0 1 e 7 2 0 1 e 6 07LiKaMaRoPeTaHuCa.435
6372.70220 0.002 13 1 1 e 29 1 1 1 e 30 07LiKaMaRoPeTaHuCa.436
6372.92640 0.002 14 2 2 e 9 2 2 1 e 8 07LiKaMaRoPeTaHuCa.437
6373.12490 0.002 12 0 1 e 53 0 0 1 e 54 07LiKaMaRoPeTaHuCa.438
6373.98380 0.002 14 0 1 e 9 2 0 1 e 8 07LiKaMaRoPeTaHuCa.439
6374.02950 0.002 13 1 1 f 28 1 1 1 f 29 07LiKaMaRoPeTaHuCa.440
6374.19510 0.002 14 2 2 e 11 2 2 1 e 10 07LiKaMaRoPeTaHuCa.441
6374.62380 0.002 14 0 1 e 10 2 0 1 e 9 07LiKaMaRoPeTaHuCa.442
6374.80020 0.002 14 2 2 e 12 2 2 1 e 11 07LiKaMaRoPeTaHuCa.443
6375.01580 0.002 12 0 1 e 52 0 0 1 e 53 07LiKaMaRoPeTaHuCa.444
6375.25020 0.002 14 0 1 e 11 2 0 1 e 10 07LiKaMaRoPeTaHuCa.445
6375.38610 0.002 14 2 2 e 13 2 2 1 e 12 07LiKaMaRoPeTaHuCa.446
6375.42270 0.002 13 1 1 f 27 1 1 1 f 28 07LiKaMaRoPeTaHuCa.447
6375.50060 0.002 13 1 1 e 27 1 1 1 e 28 07LiKaMaRoPeTaHuCa.448
6375.85240 0.002 14 0 1 e 12 2 0 1 e 11 07LiKaMaRoPeTaHuCa.449
6375.95130 0.002 14 2 2 e 14 2 2 1 e 13 07LiKaMaRoPeTaHuCa.450
6376.43960 0.002 14 0 1 e 13 2 0 1 e 12 07LiKaMaRoPeTaHuCa.451
6376.79640 0.002 13 1 1 f 26 1 1 1 f 27 07LiKaMaRoPeTaHuCa.452
6376.87030 0.002 13 1 1 e 26 1 1 1 e 27 07LiKaMaRoPeTaHuCa.453
6376.89050 0.002 12 0 1 e 51 0 0 1 e 52 07LiKaMaRoPeTaHuCa.454
6377.00390 0.002 14 0 1 e 14 2 0 1 e 13 07LiKaMaRoPeTaHuCa.455
6377.02530 0.002 14 2 2 e 16 2 2 1 e 15 07LiKaMaRoPeTaHuCa.456
6377.53160 0.002 14 2 2 e 17 2 2 1 e 16 07LiKaMaRoPeTaHuCa.457
6377.55050 0.002 14 0 1 e 15 2 0 1 e 14 07LiKaMaRoPeTaHuCa.458
6378.15110 0.002 13 1 1 f 25 1 1 1 f 26 07LiKaMaRoPeTaHuCa.459
6378.22060 0.002 13 1 1 e 25 1 1 1 e 26 07LiKaMaRoPeTaHuCa.460
6378.48510 0.002 14 2 2 e 19 2 2 1 e 18 07LiKaMaRoPeTaHuCa.461
6378.58250 0.002 14 0 1 e 17 2 0 1 e 16 07LiKaMaRoPeTaHuCa.462
6378.74210 0.002 12 0 1 e 50 0 0 1 e 51 07LiKaMaRoPeTaHuCa.463
6378.93510 0.002 14 2 2 e 20 2 2 1 e 19 07LiKaMaRoPeTaHuCa.464
6379.06910 0.002 14 0 1 e 18 2 0 1 e 17 07LiKaMaRoPeTaHuCa.465
6379.36240 0.002 14 2 2 e 21 2 2 1 e 20 07LiKaMaRoPeTaHuCa.466
6379.48590 0.002 13 1 1 f 24 1 1 1 f 25 07LiKaMaRoPeTaHuCa.467
6379.77510 0.002 14 2 2 e 22 2 2 1 e 21 07LiKaMaRoPeTaHuCa.468
6379.98240 0.002 14 0 1 e 20 2 0 1 e 19 07LiKaMaRoPeTaHuCa.469
6380.16310 0.002 14 2 2 e 23 2 2 1 e 22 07LiKaMaRoPeTaHuCa.470
6380.53000 0.002 14 2 2 e 24 2 2 1 e 23 07LiKaMaRoPeTaHuCa.471
6380.57200 0.002 12 0 1 e 49 0 0 1 e 50 07LiKaMaRoPeTaHuCa.472
6380.80040 0.002 13 1 1 f 23 1 1 1 f 24 07LiKaMaRoPeTaHuCa.473
6380.86310 0.002 13 1 1 e 23 1 1 1 e 24 07LiKaMaRoPeTaHuCa.474
6380.88280 0.002 14 2 2 e 25 2 2 1 e 24 07LiKaMaRoPeTaHuCa.475
6381.20790 0.002 14 0 1 e 23 2 0 1 e 22 07LiKaMaRoPeTaHuCa.476
6381.20790 0.002 14 2 2 e 26 2 2 1 e 25 07LiKaMaRoPeTaHuCa.477
6381.80900 0.002 14 2 2 e 28 2 2 1 e 27 07LiKaMaRoPeTaHuCa.478
6382.09450 0.002 13 1 1 f 22 1 1 1 f 23 07LiKaMaRoPeTaHuCa.479
6382.15340 0.002 13 1 1 e 22 1 1 1 e 23 07LiKaMaRoPeTaHuCa.480
6382.25330 0.002 14 0 1 e 26 2 0 1 e 25 07LiKaMaRoPeTaHuCa.481
6382.38600 0.002 12 0 1 e 48 0 0 1 e 49 07LiKaMaRoPeTaHuCa.482
6382.56270 0.002 14 0 1 e 27 2 0 1 e 26 07LiKaMaRoPeTaHuCa.483
6382.56270 0.002 14 2 2 e 31 2 2 1 e 30 07LiKaMaRoPeTaHuCa.484
6382.77420 0.002 14 2 2 e 32 2 2 1 e 31 07LiKaMaRoPeTaHuCa.485
6382.85260 0.002 14 0 1 e 28 2 0 1 e 27 07LiKaMaRoPeTaHuCa.486
6383.28950 0.002 14 2 2 e 35 2 2 1 e 34 07LiKaMaRoPeTaHuCa.487
6383.37000 0.002 13 1 1 f 21 1 1 1 f 22 07LiKaMaRoPeTaHuCa.488
6383.42510 0.002 13 1 1 e 21 1 1 1 e 22 07LiKaMaRoPeTaHuCa.489
6384.00370 0.002 14 0 1 e 33 2 0 1 e 32 07LiKaMaRoPeTaHuCa.490
6384.18010 0.002 12 0 1 e 47 0 0 1 e 48 07LiKaMaRoPeTaHuCa.491
6384.45540 0.002 14 0 1 e 36 2 0 1 e 35 07LiKaMaRoPeTaHuCa.492
6384.56700 0.002 14 0 1 e 37 2 0 1 e 36 07LiKaMaRoPeTaHuCa.493
6384.62530 0.002 13 1 1 f 20 1 1 1 f 21 07LiKaMaRoPeTaHuCa.494
6384.67740 0.002 13 1 1 e 20 1 1 1 e 21 07LiKaMaRoPeTaHuCa.495
6384.73190 0.002 14 0 1 e 39 2 0 1 e 38 07LiKaMaRoPeTaHuCa.496
6385.86040 0.002 13 1 1 f 19 1 1 1 f 20 07LiKaMaRoPeTaHuCa.497
6385.90950 0.002 13 1 1 e 19 1 1 1 e 20 07LiKaMaRoPeTaHuCa.498
6385.95320 0.002 12 0 1 e 46 0 0 1 e 47 07LiKaMaRoPeTaHuCa.499
6387.07750 0.002 13 1 1 f 18 1 1 1 f 19 07LiKaMaRoPeTaHuCa.500
6387.70310 0.002 12 0 1 e 45 0 0 1 e 46 07LiKaMaRoPeTaHuCa.501
6388.27530 0.002 13 1 1 f 17 1 1 1 f 18 07LiKaMaRoPeTaHuCa.502
6388.31560 0.002 13 1 1 e 17 1 1 1 e 18 07LiKaMaRoPeTaHuCa.503
6390.60630 0.002 13 1 1 f 15 1 1 1 f 16 07LiKaMaRoPeTaHuCa.504
6390.64250 0.002 13 1 1 e 15 1 1 1 e 16 07LiKaMaRoPeTaHuCa.505
6391.15380 0.002 12 0 1 e 43 0 0 1 e 44 07LiKaMaRoPeTaHuCa.506
6391.74300 0.002 13 1 1 f 14 1 1 1 f 15 07LiKaMaRoPeTaHuCa.507
6391.77510 0.002 13 1 1 e 14 1 1 1 e 15 07LiKaMaRoPeTaHuCa.508
6392.84830 0.002 12 0 1 e 42 0 0 1 e 43 07LiKaMaRoPeTaHuCa.509
6392.84830 0.002 13 1 1 f 13 1 1 1 f 14 07LiKaMaRoPeTaHuCa.510
6392.89060 0.002 13 1 1 e 13 1 1 1 e 14 07LiKaMaRoPeTaHuCa.511
6393.95820 0.002 13 1 1 f 12 1 1 1 f 13 07LiKaMaRoPeTaHuCa.512
6393.98650 0.002 13 1 1 e 12 1 1 1 e 13 07LiKaMaRoPeTaHuCa.513
6394.52180 0.002 12 0 1 e 41 0 0 1 e 42 07LiKaMaRoPeTaHuCa.514
6395.03530 0.002 13 1 1 f 11 1 1 1 f 12 07LiKaMaRoPeTaHuCa.515
6395.05880 0.002 13 1 1 e 11 1 1 1 e 12 07LiKaMaRoPeTaHuCa.516
6396.09370 0.002 13 1 1 f 10 1 1 1 f 11 07LiKaMaRoPeTaHuCa.517
6396.11520 0.002 13 1 1 e 10 1 1 1 e 11 07LiKaMaRoPeTaHuCa.518
6396.17700 0.002 12 0 1 e 40 0 0 1 e 41 07LiKaMaRoPeTaHuCa.519
6397.81170 0.002 12 0 1 e 39 0 0 1 e 40 07LiKaMaRoPeTaHuCa.520
6398.15050 0.002 13 1 1 f 8 1 1 1 f 9 07LiKaMaRoPeTaHuCa.521
6398.16710 0.002 13 1 1 e 8 1 1 1 e 9 07LiKaMaRoPeTaHuCa.522
6399.14870 0.002 13 1 1 f 7 1 1 1 f 8 07LiKaMaRoPeTaHuCa.523
6399.42630 0.002 12 0 1 e 38 0 0 1 e 39 07LiKaMaRoPeTaHuCa.524
6401.02140 0.002 12 0 1 e 37 0 0 1 e 38 07LiKaMaRoPeTaHuCa.525
6402.59650 0.002 12 0 1 e 36 0 0 1 e 37 07LiKaMaRoPeTaHuCa.526
6403.84160 0.002 13 1 1 e 2 1 1 1 e 3 07LiKaMaRoPeTaHuCa.527
6403.84160 0.002 13 1 1 f 2 1 1 1 f 3 07LiKaMaRoPeTaHuCa.528
6404.15270 0.002 12 0 1 e 35 0 0 1 e 36 07LiKaMaRoPeTaHuCa.529
6405.68770 0.002 12 0 1 e 34 0 0 1 e 35 07LiKaMaRoPeTaHuCa.530
6406.10100 0.002 13 1 1 e 5 1 1 1 f 5 07LiKaMaRoPeTaHuCa.531
6406.20800 0.002 13 1 1 e 4 1 1 1 f 4 07LiKaMaRoPeTaHuCa.532
6406.23910 0.002 13 1 1 f 4 1 1 1 e 4 07LiKaMaRoPeTaHuCa.533
6406.31460 0.002 13 1 1 f 3 1 1 1 e 3 07LiKaMaRoPeTaHuCa.534
6407.20330 0.002 12 0 1 e 33 0 0 1 e 34 07LiKaMaRoPeTaHuCa.535
6408.69930 0.002 12 0 1 e 32 0 0 1 e 33 07LiKaMaRoPeTaHuCa.536
6408.82020 0.002 13 1 1 e 3 1 1 1 e 2 07LiKaMaRoPeTaHuCa.537
6408.82020 0.002 13 1 1 f 3 1 1 1 f 2 07LiKaMaRoPeTaHuCa.538
6409.58010 0.002 13 1 1 e 4 1 1 1 e 3 07LiKaMaRoPeTaHuCa.539
6409.58010 0.002 13 1 1 f 4 1 1 1 f 3 07LiKaMaRoPeTaHuCa.540
6410.17500 0.002 12 0 1 e 31 0 0 1 e 32 07LiKaMaRoPeTaHuCa.541
6410.32100 0.002 13 1 1 e 5 1 1 1 e 4 07LiKaMaRoPeTaHuCa.542
6410.32100 0.002 13 1 1 f 5 1 1 1 f 4 07LiKaMaRoPeTaHuCa.543
6411.04060 0.002 13 1 1 e 6 1 1 1 e 5 07LiKaMaRoPeTaHuCa.544
6411.04060 0.002 13 1 1 f 6 1 1 1 f 5 07LiKaMaRoPeTaHuCa.545
6411.63190 0.002 12 0 1 e 30 0 0 1 e 31 07LiKaMaRoPeTaHuCa.546
6411.74030 0.002 13 1 1 e 7 1 1 1 e 6 07LiKaMaRoPeTaHuCa.547
6411.74030 0.002 13 1 1 f 7 1 1 1 f 6 07LiKaMaRoPeTaHuCa.548
6412.42600 0.002 13 1 1 e 8 1 1 1 e 7 07LiKaMaRoPeTaHuCa.549
6412.42600 0.002 13 1 1 f 8 1 1 1 f 7 07LiKaMaRoPeTaHuCa.550
6413.06810 0.002 12 0 1 e 29 0 0 1 e 30 07LiKaMaRoPeTaHuCa.551
6413.72600 0.002 13 1 1 e 10 1 1 1 e 9 07LiKaMaRoPeTaHuCa.552
6413.72600 0.002 13 1 1 f 10 1 1 1 f 9 07LiKaMaRoPeTaHuCa.553
6414.34000 0.002 13 1 1 e 11 1 1 1 e 10 07LiKaMaRoPeTaHuCa.554
6414.34710 0.002 13 1 1 f 11 1 1 1 f 10 07LiKaMaRoPeTaHuCa.555
6414.48400 0.002 12 0 1 e 28 0 0 1 e 29 07LiKaMaRoPeTaHuCa.556
6414.94070 0.002 13 1 1 e 12 1 1 1 e 11 07LiKaMaRoPeTaHuCa.557
6414.94930 0.002 13 1 1 f 12 1 1 1 f 11 07LiKaMaRoPeTaHuCa.558
6415.53300 0.002 13 1 1 f 13 1 1 1 f 12 07LiKaMaRoPeTaHuCa.559
6415.88100 0.002 12 0 1 e 27 0 0 1 e 28 07LiKaMaRoPeTaHuCa.560
6416.08170 0.002 13 1 1 e 14 1 1 1 e 13 07LiKaMaRoPeTaHuCa.561
6416.09340 0.002 13 1 1 f 14 1 1 1 f 13 07LiKaMaRoPeTaHuCa.562
6416.62300 0.002 13 1 1 e 15 1 1 1 e 14 07LiKaMaRoPeTaHuCa.563
6416.63500 0.002 13 1 1 f 15 1 1 1 f 14 07LiKaMaRoPeTaHuCa.564
6417.14470 0.002 13 1 1 e 16 1 1 1 e 15 07LiKaMaRoPeTaHuCa.565
6417.15730 0.002 13 1 1 f 16 1 1 1 f 15 07LiKaMaRoPeTaHuCa.566
6417.25770 0.002 12 0 1 e 26 0 0 1 e 27 07LiKaMaRoPeTaHuCa.567
6417.64640 0.002 13 1 1 e 17 1 1 1 e 16 07LiKaMaRoPeTaHuCa.568
6417.65940 0.002 13 1 1 f 17 1 1 1 f 16 07LiKaMaRoPeTaHuCa.569
6418.12790 0.002 13 1 1 e 18 1 1 1 e 17 07LiKaMaRoPeTaHuCa.570
6418.14100 0.002 13 1 1 f 18 1 1 1 f 17 07LiKaMaRoPeTaHuCa.571
6418.59280 0.002 13 1 1 e 19 1 1 1 e 18 07LiKaMaRoPeTaHuCa.572
6418.61410 0.002 12 0 1 e 25 0 0 1 e 26 07LiKaMaRoPeTaHuCa.573
6419.45570 0.002 13 1 1 e 21 1 1 1 e 20 07LiKaMaRoPeTaHuCa.574
6419.46900 0.002 13 1 1 f 21 1 1 1 f 20 07LiKaMaRoPeTaHuCa.575
6419.87110 0.002 13 1 1 f 22 1 1 1 f 21 07LiKaMaRoPeTaHuCa.576
6419.95140 0.002 12 0 1 e 24 0 0 1 e 25 07LiKaMaRoPeTaHuCa.577
6420.24120 0.002 13 1 1 e 23 1 1 1 e 22 07LiKaMaRoPeTaHuCa.578
6420.25230 0.002 13 1 1 f 23 1 1 1 f 22 07LiKaMaRoPeTaHuCa.579
6420.60450 0.002 13 1 1 e 24 1 1 1 e 23 07LiKaMaRoPeTaHuCa.580
6420.61450 0.002 13 1 1 f 24 1 1 1 f 23 07LiKaMaRoPeTaHuCa.581
6421.26920 0.002 12 0 1 e 23 0 0 1 e 24 07LiKaMaRoPeTaHuCa.582
6421.57490 0.002 13 1 1 e 27 1 1 1 e 26 07LiKaMaRoPeTaHuCa.583
6421.58340 0.002 13 1 1 f 27 1 1 1 f 26 07LiKaMaRoPeTaHuCa.584
6421.86110 0.002 13 1 1 e 28 1 1 1 e 27 07LiKaMaRoPeTaHuCa.585
6421.86110 0.002 13 1 1 f 28 1 1 1 f 27 07LiKaMaRoPeTaHuCa.586
6422.36860 0.002 13 1 1 e 30 1 1 1 e 29 07LiKaMaRoPeTaHuCa.587
6422.36860 0.002 13 1 1 f 30 1 1 1 f 29 07LiKaMaRoPeTaHuCa.588
6422.44950 0.002 13 1 1 f 53 1 1 1 f 52 07LiKaMaRoPeTaHuCa.589
6422.56580 0.002 12 0 1 e 22 0 0 1 e 23 07LiKaMaRoPeTaHuCa.590
6422.59010 0.002 13 1 1 e 31 1 1 1 e 30 07LiKaMaRoPeTaHuCa.591
6422.59010 0.002 13 1 1 f 31 1 1 1 f 30 07LiKaMaRoPeTaHuCa.592
6422.79470 0.002 13 1 1 e 32 1 1 1 e 31 07LiKaMaRoPeTaHuCa.593
6422.79490 0.002 13 1 1 f 32 1 1 1 f 31 07LiKaMaRoPeTaHuCa.594
6422.86150 0.002 13 1 1 f 51 1 1 1 f 50 07LiKaMaRoPeTaHuCa.595
6422.98000 0.002 13 1 1 e 33 1 1 1 e 32 07LiKaMaRoPeTaHuCa.596
6422.98000 0.002 13 1 1 f 33 1 1 1 f 32 07LiKaMaRoPeTaHuCa.597
6423.06700 0.002 13 1 1 e 50 1 1 1 e 49 07LiKaMaRoPeTaHuCa.598
6423.14290 0.002 13 1 1 e 34 1 1 1 e 33 07LiKaMaRoPeTaHuCa.599
6423.14290 0.002 13 1 1 f 34 1 1 1 f 33 07LiKaMaRoPeTaHuCa.600
6423.18400 0.002 13 1 1 f 49 1 1 1 f 48 07LiKaMaRoPeTaHuCa.601
6423.22390 0.002 13 1 1 e 49 1 1 1 e 48 07LiKaMaRoPeTaHuCa.602
6423.28820 0.002 13 1 1 e 35 1 1 1 e 34 07LiKaMaRoPeTaHuCa.603
6423.28820 0.002 13 1 1 f 35 1 1 1 f 34 07LiKaMaRoPeTaHuCa.604
6423.32990 0.002 13 1 1 f 48 1 1 1 f 47 07LiKaMaRoPeTaHuCa.605
6423.35540 0.002 13 1 1 e 48 1 1 1 e 47 07LiKaMaRoPeTaHuCa.606
6423.41010 0.002 13 1 1 e 36 1 1 1 e 35 07LiKaMaRoPeTaHuCa.607
6423.41010 0.002 13 1 1 f 36 1 1 1 f 35 07LiKaMaRoPeTaHuCa.608
6423.51430 0.002 13 1 1 e 37 1 1 1 e 36 07LiKaMaRoPeTaHuCa.609
6423.51430 0.002 13 1 1 f 37 1 1 1 f 36 07LiKaMaRoPeTaHuCa.610
6423.54120 0.002 13 1 1 f 46 1 1 1 f 45 07LiKaMaRoPeTaHuCa.611
6423.56320 0.002 13 1 1 e 46 1 1 1 e 45 07LiKaMaRoPeTaHuCa.612
6423.59880 0.002 13 1 1 e 38 1 1 1 e 37 07LiKaMaRoPeTaHuCa.613
6423.59880 0.002 13 1 1 f 38 1 1 1 f 37 07LiKaMaRoPeTaHuCa.614
6423.66250 0.002 13 1 1 e 39 1 1 1 e 38 07LiKaMaRoPeTaHuCa.615
6423.66250 0.002 13 1 1 f 39 1 1 1 f 38 07LiKaMaRoPeTaHuCa.616
6423.70930 0.002 13 1 1 e 40 1 1 1 e 39 07LiKaMaRoPeTaHuCa.617
6423.70930 0.002 13 1 1 f 40 1 1 1 f 39 07LiKaMaRoPeTaHuCa.618
6423.70930 0.002 13 1 1 f 43 1 1 1 f 42 07LiKaMaRoPeTaHuCa.619
6423.72870 0.002 13 1 1 e 41 1 1 1 e 40 07LiKaMaRoPeTaHuCa.620
6423.72870 0.002 13 1 1 e 42 1 1 1 e 41 07LiKaMaRoPeTaHuCa.621
6423.72870 0.002 13 1 1 e 43 1 1 1 e 42 07LiKaMaRoPeTaHuCa.622
6423.72870 0.002 13 1 1 f 41 1 1 1 f 40 07LiKaMaRoPeTaHuCa.623
6423.72870 0.002 13 1 1 f 42 1 1 1 f 41 07LiKaMaRoPeTaHuCa.624
6423.84260 0.002 12 0 1 e 21 0 0 1 e 22 07LiKaMaRoPeTaHuCa.625
6425.10060 0.002 12 0 1 e 20 0 0 1 e 21 07LiKaMaRoPeTaHuCa.626
6426.33770 0.002 12 0 1 e 19 0 0 1 e 20 07LiKaMaRoPeTaHuCa.627
6427.55480 0.002 12 0 1 e 18 0 0 1 e 19 07LiKaMaRoPeTaHuCa.628
6429.93020 0.002 12 0 1 e 16 0 0 1 e 17 07LiKaMaRoPeTaHuCa.629
6431.08770 0.002 12 0 1 e 15 0 0 1 e 16 07LiKaMaRoPeTaHuCa.630
6432.22440 0.002 12 0 1 e 14 0 0 1 e 15 07LiKaMaRoPeTaHuCa.631
6433.34280 0.002 12 0 1 e 13 0 0 1 e 14 07LiKaMaRoPeTaHuCa.632
6434.44070 0.002 12 0 1 e 12 0 0 1 e 13 07LiKaMaRoPeTaHuCa.633
6435.51870 0.002 12 0 1 e 11 0 0 1 e 12 07LiKaMaRoPeTaHuCa.634
6436.57690 0.002 12 0 1 e 10 0 0 1 e 11 07LiKaMaRoPeTaHuCa.635
6437.61410 0.002 12 0 1 e 9 0 0 1 e 10 07LiKaMaRoPeTaHuCa.636
6438.63180 0.002 12 0 1 e 8 0 0 1 e 9 07LiKaMaRoPeTaHuCa.637
6439.62990 0.002 12 0 1 e 7 0 0 1 e 8 07LiKaMaRoPeTaHuCa.638
6440.60840 0.002 12 0 1 e 6 0 0 1 e 7 07LiKaMaRoPeTaHuCa.639
6441.56660 0.002 12 0 1 e 5 0 0 1 e 6 07LiKaMaRoPeTaHuCa.640
6442.50400 0.002 12 0 1 e 4 0 0 1 e 5 07LiKaMaRoPeTaHuCa.641
6443.42160 0.002 12 0 1 e 3 0 0 1 e 4 07LiKaMaRoPeTaHuCa.642
6444.31950 0.002 12 0 1 e 2 0 0 1 e 3 07LiKaMaRoPeTaHuCa.643
6445.19810 0.002 12 0 1 e 1 0 0 1 e 2 07LiKaMaRoPeTaHuCa.644
6449.28860 0.002 12 0 1 e 3 0 0 1 e 2 07LiKaMaRoPeTaHuCa.645
6453.53520 0.002 12 0 1 e 9 0 0 1 e 8 07LiKaMaRoPeTaHuCa.646
6454.17390 0.002 12 0 1 e 10 0 0 1 e 9 07LiKaMaRoPeTaHuCa.647
6454.78880 0.002 12 0 1 e 11 0 0 1 e 10 07LiKaMaRoPeTaHuCa.648
6455.38750 0.002 12 0 1 e 12 0 0 1 e 11 07LiKaMaRoPeTaHuCa.649
6455.96580 0.002 12 0 1 e 13 0 0 1 e 12 07LiKaMaRoPeTaHuCa.650
6456.52140 0.002 12 0 1 e 14 0 0 1 e 13 07LiKaMaRoPeTaHuCa.651
6457.05840 0.002 12 0 1 e 15 0 0 1 e 14 07LiKaMaRoPeTaHuCa.652
6457.57680 0.002 12 0 1 e 16 0 0 1 e 15 07LiKaMaRoPeTaHuCa.653
6458.07310 0.002 12 0 1 e 17 0 0 1 e 16 07LiKaMaRoPeTaHuCa.654
6458.55030 0.002 12 0 1 e 18 0 0 1 e 17 07LiKaMaRoPeTaHuCa.655
6459.00630 0.002 12 0 1 e 19 0 0 1 e 18 07LiKaMaRoPeTaHuCa.656
6459.44390 0.002 12 0 1 e 20 0 0 1 e 19 07LiKaMaRoPeTaHuCa.657
6459.86090 0.002 12 0 1 e 21 0 0 1 e 20 07LiKaMaRoPeTaHuCa.658
6460.02320 0.002 12 0 1 e 61 0 0 1 e 60 07LiKaMaRoPeTaHuCa.659
6460.25520 0.002 12 0 1 e 22 0 0 1 e 21 07LiKaMaRoPeTaHuCa.660
6460.63350 0.002 12 0 1 e 23 0 0 1 e 22 07LiKaMaRoPeTaHuCa.661
6460.78530 0.002 12 0 1 e 59 0 0 1 e 58 07LiKaMaRoPeTaHuCa.662
6460.99080 0.002 12 0 1 e 24 0 0 1 e 23 07LiKaMaRoPeTaHuCa.663
6461.13040 0.002 12 0 1 e 58 0 0 1 e 57 07LiKaMaRoPeTaHuCa.664
6461.32600 0.002 12 0 1 e 25 0 0 1 e 24 07LiKaMaRoPeTaHuCa.665
6461.45500 0.002 12 0 1 e 57 0 0 1 e 56 07LiKaMaRoPeTaHuCa.666
6461.64280 0.002 12 0 1 e 26 0 0 1 e 25 07LiKaMaRoPeTaHuCa.667
6461.76560 0.002 12 0 1 e 56 0 0 1 e 55 07LiKaMaRoPeTaHuCa.668
6461.93930 0.002 12 0 1 e 27 0 0 1 e 26 07LiKaMaRoPeTaHuCa.669
6462.04990 0.002 12 0 1 e 55 0 0 1 e 54 07LiKaMaRoPeTaHuCa.670
6462.21490 0.002 12 0 1 e 28 0 0 1 e 27 07LiKaMaRoPeTaHuCa.671
6462.32330 0.002 12 0 1 e 54 0 0 1 e 53 07LiKaMaRoPeTaHuCa.672
6462.47160 0.002 12 0 1 e 29 0 0 1 e 28 07LiKaMaRoPeTaHuCa.673
6462.57040 0.002 12 0 1 e 53 0 0 1 e 52 07LiKaMaRoPeTaHuCa.674
6462.70750 0.002 12 0 1 e 30 0 0 1 e 29 07LiKaMaRoPeTaHuCa.675
6462.79870 0.002 12 0 1 e 52 0 0 1 e 51 07LiKaMaRoPeTaHuCa.676
6462.92250 0.002 12 0 1 e 31 0 0 1 e 30 07LiKaMaRoPeTaHuCa.677
6463.00640 0.002 12 0 1 e 51 0 0 1 e 50 07LiKaMaRoPeTaHuCa.678
6463.11790 0.002 12 0 1 e 32 0 0 1 e 31 07LiKaMaRoPeTaHuCa.679
6463.19300 0.002 12 0 1 e 50 0 0 1 e 49 07LiKaMaRoPeTaHuCa.680
6463.30190 0.002 12 0 1 e 33 0 0 1 e 32 07LiKaMaRoPeTaHuCa.681
6463.36030 0.002 12 0 1 e 49 0 0 1 e 48 07LiKaMaRoPeTaHuCa.682
6463.44900 0.002 12 0 1 e 34 0 0 1 e 33 07LiKaMaRoPeTaHuCa.683
6463.50630 0.002 12 0 1 e 48 0 0 1 e 47 07LiKaMaRoPeTaHuCa.684
6463.58370 0.002 12 0 1 e 35 0 0 1 e 34 07LiKaMaRoPeTaHuCa.685
6463.63330 0.002 12 0 1 e 47 0 0 1 e 46 07LiKaMaRoPeTaHuCa.686
6463.69900 0.002 12 0 1 e 36 0 0 1 e 35 07LiKaMaRoPeTaHuCa.687
6463.73990 0.002 12 0 1 e 46 0 0 1 e 45 07LiKaMaRoPeTaHuCa.688
6463.79330 0.002 12 0 1 e 37 0 0 1 e 36 07LiKaMaRoPeTaHuCa.689
6463.82720 0.002 12 0 1 e 45 0 0 1 e 44 07LiKaMaRoPeTaHuCa.690
6463.86840 0.002 12 0 1 e 38 0 0 1 e 37 07LiKaMaRoPeTaHuCa.691
6463.89370 0.002 12 0 1 e 44 0 0 1 e 43 07LiKaMaRoPeTaHuCa.692
6463.92360 0.002 12 0 1 e 39 0 0 1 e 38 07LiKaMaRoPeTaHuCa.693
6463.94100 0.002 12 0 1 e 43 0 0 1 e 42 07LiKaMaRoPeTaHuCa.694
6463.96450 0.002 12 0 1 e 41 0 0 1 e 40 07LiKaMaRoPeTaHuCa.695
6463.96450 0.002 12 0 1 e 42 0 0 1 e 41 07LiKaMaRoPeTaHuCa.696
6610.14630 0.002 12 0 4 e 38 0 0 1 e 39 07LiKaMaRoPeTaHuCa.697
6611.56040 0.002 12 0 4 e 37 0 0 1 e 38 07LiKaMaRoPeTaHuCa.698
6612.96000 0.002 12 0 4 e 36 0 0 1 e 37 07LiKaMaRoPeTaHuCa.699
6615.71420 0.002 12 0 4 e 34 0 0 1 e 35 07LiKaMaRoPeTaHuCa.700
6618.40150 0.002 12 0 4 e 32 0 0 1 e 33 07LiKaMaRoPeTaHuCa.701
6621.02910 0.002 12 0 4 e 30 0 0 1 e 31 07LiKaMaRoPeTaHuCa.702
6622.31760 0.002 12 0 4 e 29 0 0 1 e 30 07LiKaMaRoPeTaHuCa.703
6623.59210 0.002 12 0 4 e 28 0 0 1 e 29 07LiKaMaRoPeTaHuCa.704
6624.84930 0.002 12 0 4 e 27 0 0 1 e 28 07LiKaMaRoPeTaHuCa.705
6626.09330 0.002 12 0 4 e 26 0 0 1 e 27 07LiKaMaRoPeTaHuCa.706
6627.32410 0.002 12 0 4 e 25 0 0 1 e 26 07LiKaMaRoPeTaHuCa.707
6628.53470 0.002 12 0 4 e 24 0 0 1 e 25 07LiKaMaRoPeTaHuCa.708
6629.72850 0.002 12 0 4 e 23 0 0 1 e 24 07LiKaMaRoPeTaHuCa.709
6630.91190 0.002 12 0 4 e 22 0 0 1 e 23 07LiKaMaRoPeTaHuCa.710
6633.22910 0.002 12 0 4 e 20 0 0 1 e 21 07LiKaMaRoPeTaHuCa.711
6634.36950 0.002 12 0 4 e 19 0 0 1 e 20 07LiKaMaRoPeTaHuCa.712
6635.48760 0.002 12 0 4 e 18 0 0 1 e 19 07LiKaMaRoPeTaHuCa.713
6637.68380 0.002 12 0 4 e 16 0 0 1 e 17 07LiKaMaRoPeTaHuCa.714
6638.75770 0.002 12 0 4 e 15 0 0 1 e 16 07LiKaMaRoPeTaHuCa.715
6639.82450 0.002 12 0 4 e 14 0 0 1 e 15 07LiKaMaRoPeTaHuCa.716
6641.89610 0.002 12 0 4 e 12 0 0 1 e 13 07LiKaMaRoPeTaHuCa.717
6642.91560 0.002 12 0 4 e 11 0 0 1 e 12 07LiKaMaRoPeTaHuCa.718
6643.91360 0.002 12 0 4 e 10 0 0 1 e 11 07LiKaMaRoPeTaHuCa.719
6646.82940 0.002 12 0 4 e 7 0 0 1 e 8 07LiKaMaRoPeTaHuCa.720
6647.76940 0.002 12 0 4 e 6 0 0 1 e 7 07LiKaMaRoPeTaHuCa.721
6648.69700 0.002 12 0 4 e 5 0 0 1 e 6 07LiKaMaRoPeTaHuCa.722
6657.14570 0.002 12 0 4 e 4 0 0 1 e 3 07LiKaMaRoPeTaHuCa.723
6657.91290 0.002 12 0 4 e 5 0 0 1 e 4 07LiKaMaRoPeTaHuCa.724
6659.39420 0.002 12 0 4 e 7 0 0 1 e 6 07LiKaMaRoPeTaHuCa.725
6660.11890 0.002 12 0 4 e 8 0 0 1 e 7 07LiKaMaRoPeTaHuCa.726
6660.81880 0.002 12 0 4 e 9 0 0 1 e 8 07LiKaMaRoPeTaHuCa.727
6661.50730 0.002 12 0 4 e 10 0 0 1 e 9 07LiKaMaRoPeTaHuCa.728
6662.18160 0.002 12 0 4 e 11 0 0 1 e 10 07LiKaMaRoPeTaHuCa.729
6662.84220 0.002 12 0 4 e 12 0 0 1 e 11 07LiKaMaRoPeTaHuCa.730
6663.48710 0.002 12 0 4 e 13 0 0 1 e 12 07LiKaMaRoPeTaHuCa.731
6664.11650 0.002 12 0 4 e 14 0 0 1 e 13 07LiKaMaRoPeTaHuCa.732
6664.72620 0.002 12 0 4 e 15 0 0 1 e 14 07LiKaMaRoPeTaHuCa.733
6665.32960 0.002 12 0 4 e 16 0 0 1 e 15 07LiKaMaRoPeTaHuCa.734
6667.03370 0.002 12 0 4 e 19 0 0 1 e 18 07LiKaMaRoPeTaHuCa.735
6667.57730 0.002 12 0 4 e 20 0 0 1 e 19 07LiKaMaRoPeTaHuCa.736
6669.09520 0.002 12 0 4 e 23 0 0 1 e 22 07LiKaMaRoPeTaHuCa.737
6670.02610 0.002 12 0 4 e 25 0 0 1 e 24 07LiKaMaRoPeTaHuCa.738
6670.90820 0.002 12 0 4 e 27 0 0 1 e 26 07LiKaMaRoPeTaHuCa.739
6671.32300 0.002 12 0 4 e 28 0 0 1 e 27 07LiKaMaRoPeTaHuCa.740
6671.72220 0.002 12 0 4 e 29 0 0 1 e 28 07LiKaMaRoPeTaHuCa.741
6672.10360 0.002 12 0 4 e 30 0 0 1 e 29 07LiKaMaRoPeTaHuCa.742
6672.46760 0.002 12 0 4 e 31 0 0 1 e 30 07LiKaMaRoPeTaHuCa.743
6673.77740 0.002 12 0 4 e 35 0 0 1 e 34 07LiKaMaRoPeTaHuCa.744
6674.33600 0.002 12 0 4 e 37 0 0 1 e 36 07LiKaMaRoPeTaHuCa.745
6674.81940 0.002 12 0 4 e 39 0 0 1 e 38 07LiKaMaRoPeTaHuCa.746
6715.27640 0.002 12 0 7 e 45 0 0 1 e 46 07LiKaMaRoPeTaHuCa.747
6720.51230 0.002 12 0 7 e 42 0 0 1 e 43 07LiKaMaRoPeTaHuCa.748
6722.21890 0.002 12 0 7 e 41 0 0 1 e 42 07LiKaMaRoPeTaHuCa.749
6723.90850 0.002 12 0 7 e 40 0 0 1 e 41 07LiKaMaRoPeTaHuCa.750
6725.56540 0.002 12 0 7 e 39 0 0 1 e 40 07LiKaMaRoPeTaHuCa.751
6728.82810 0.002 12 0 7 e 37 0 0 1 e 38 07LiKaMaRoPeTaHuCa.752
6730.43210 0.002 12 0 7 e 36 0 0 1 e 37 07LiKaMaRoPeTaHuCa.753
6732.01360 0.002 12 0 7 e 35 0 0 1 e 36 07LiKaMaRoPeTaHuCa.754
6733.57290 0.002 12 0 7 e 34 0 0 1 e 35 07LiKaMaRoPeTaHuCa.755
6735.11280 0.002 12 0 7 e 33 0 0 1 e 34 07LiKaMaRoPeTaHuCa.756
6736.63410 0.002 12 0 7 e 32 0 0 1 e 33 07LiKaMaRoPeTaHuCa.757
6738.13050 0.002 12 0 7 e 31 0 0 1 e 32 07LiKaMaRoPeTaHuCa.758
6739.60960 0.002 12 0 7 e 30 0 0 1 e 31 07LiKaMaRoPeTaHuCa.759
6741.06680 0.002 12 0 7 e 29 0 0 1 e 30 07LiKaMaRoPeTaHuCa.760
6742.49970 0.002 12 0 7 e 28 0 0 1 e 29 07LiKaMaRoPeTaHuCa.761
6743.91520 0.002 12 0 7 e 27 0 0 1 e 28 07LiKaMaRoPeTaHuCa.762
6745.31090 0.002 12 0 7 e 26 0 0 1 e 27 07LiKaMaRoPeTaHuCa.763
6746.66320 0.002 12 0 7 e 25 0 0 1 e 26 07LiKaMaRoPeTaHuCa.764
6748.11790 0.002 12 0 7 e 24 0 0 1 e 25 07LiKaMaRoPeTaHuCa.765
6749.41370 0.002 12 0 7 e 23 0 0 1 e 24 07LiKaMaRoPeTaHuCa.766
6750.70930 0.002 12 0 7 e 22 0 0 1 e 23 07LiKaMaRoPeTaHuCa.767
6752.00830 0.002 12 0 7 e 21 0 0 1 e 22 07LiKaMaRoPeTaHuCa.768
6754.52830 0.002 12 0 7 e 19 0 0 1 e 20 07LiKaMaRoPeTaHuCa.769
6755.75930 0.002 12 0 7 e 18 0 0 1 e 19 07LiKaMaRoPeTaHuCa.770
6756.96940 0.002 12 0 7 e 17 0 0 1 e 18 07LiKaMaRoPeTaHuCa.771
6758.15870 0.002 12 0 7 e 16 0 0 1 e 17 07LiKaMaRoPeTaHuCa.772
6759.32740 0.002 12 0 7 e 15 0 0 1 e 16 07LiKaMaRoPeTaHuCa.773
6760.47540 0.002 12 0 7 e 14 0 0 1 e 15 07LiKaMaRoPeTaHuCa.774
6761.60400 0.002 12 0 7 e 13 0 0 1 e 14 07LiKaMaRoPeTaHuCa.775
6762.71230 0.002 12 0 7 e 12 0 0 1 e 13 07LiKaMaRoPeTaHuCa.776
6763.79740 0.002 12 0 7 e 11 0 0 1 e 12 07LiKaMaRoPeTaHuCa.777
6764.86310 0.002 12 0 7 e 10 0 0 1 e 11 07LiKaMaRoPeTaHuCa.778
6765.91090 0.002 12 0 7 e 9 0 0 1 e 10 07LiKaMaRoPeTaHuCa.779
6766.93360 0.002 12 0 7 e 8 0 0 1 e 9 07LiKaMaRoPeTaHuCa.780
6767.93750 0.002 12 0 7 e 7 0 0 1 e 8 07LiKaMaRoPeTaHuCa.781
6768.92050 0.002 12 0 7 e 6 0 0 1 e 7 07LiKaMaRoPeTaHuCa.782
6769.88300 0.002 12 0 7 e 5 0 0 1 e 6 07LiKaMaRoPeTaHuCa.783
6771.74710 0.002 12 0 7 e 3 0 0 1 e 4 07LiKaMaRoPeTaHuCa.784
6772.64520 0.002 12 0 7 e 2 0 0 1 e 3 07LiKaMaRoPeTaHuCa.785
6773.52290 0.002 12 0 7 e 1 0 0 1 e 2 07LiKaMaRoPeTaHuCa.786
6777.61110 0.002 12 0 7 e 3 0 0 1 e 2 07LiKaMaRoPeTaHuCa.787
6779.10010 0.002 12 0 7 e 5 0 0 1 e 4 07LiKaMaRoPeTaHuCa.788
6780.50630 0.002 12 0 7 e 7 0 0 1 e 6 07LiKaMaRoPeTaHuCa.789
6781.17680 0.002 12 0 7 e 8 0 0 1 e 7 07LiKaMaRoPeTaHuCa.790
6781.82920 0.002 12 0 7 e 9 0 0 1 e 8 07LiKaMaRoPeTaHuCa.791
6782.45940 0.002 12 0 7 e 10 0 0 1 e 9 07LiKaMaRoPeTaHuCa.792
6783.65710 0.002 12 0 7 e 12 0 0 1 e 11 07LiKaMaRoPeTaHuCa.793
6784.23030 0.002 12 0 7 e 13 0 0 1 e 12 07LiKaMaRoPeTaHuCa.794
6784.77280 0.002 12 0 7 e 14 0 0 1 e 13 07LiKaMaRoPeTaHuCa.795
6785.80470 0.002 12 0 7 e 16 0 0 1 e 15 07LiKaMaRoPeTaHuCa.796
6786.28950 0.002 12 0 7 e 17 0 0 1 e 16 07LiKaMaRoPeTaHuCa.797
6786.75540 0.002 12 0 7 e 18 0 0 1 e 17 07LiKaMaRoPeTaHuCa.798
6787.19730 0.002 12 0 7 e 19 0 0 1 e 18 07LiKaMaRoPeTaHuCa.799
6787.62210 0.002 12 0 7 e 20 0 0 1 e 19 07LiKaMaRoPeTaHuCa.800
6788.02530 0.002 12 0 7 e 21 0 0 1 e 20 07LiKaMaRoPeTaHuCa.801
6788.40760 0.002 12 0 7 e 22 0 0 1 e 21 07LiKaMaRoPeTaHuCa.802
6788.77820 0.002 12 0 7 e 23 0 0 1 e 22 07LiKaMaRoPeTaHuCa.803
6789.15820 0.002 12 0 7 e 24 0 0 1 e 23 07LiKaMaRoPeTaHuCa.804
6789.37310 0.002 12 0 7 e 25 0 0 1 e 24 07LiKaMaRoPeTaHuCa.805
6789.69260 0.002 12 0 7 e 26 0 0 1 e 25 07LiKaMaRoPeTaHuCa.806
6789.97370 0.002 12 0 7 e 27 0 0 1 e 26 07LiKaMaRoPeTaHuCa.807
6790.23410 0.002 12 0 7 e 28 0 0 1 e 27 07LiKaMaRoPeTaHuCa.808
6790.47340 0.002 12 0 7 e 29 0 0 1 e 28 07LiKaMaRoPeTaHuCa.809
6790.87820 0.002 12 0 7 e 31 0 0 1 e 30 07LiKaMaRoPeTaHuCa.810
6790.98150 0.002 12 0 7 e 48 0 0 1 e 47 07LiKaMaRoPeTaHuCa.811
6791.05220 0.002 12 0 7 e 32 0 0 1 e 31 07LiKaMaRoPeTaHuCa.812
6791.14030 0.002 12 0 7 e 47 0 0 1 e 46 07LiKaMaRoPeTaHuCa.813
6791.20530 0.002 12 0 7 e 33 0 0 1 e 32 07LiKaMaRoPeTaHuCa.814
6791.28270 0.002 12 0 7 e 46 0 0 1 e 45 07LiKaMaRoPeTaHuCa.815
6791.33500 0.002 12 0 7 e 34 0 0 1 e 33 07LiKaMaRoPeTaHuCa.816
6791.39980 0.002 12 0 7 e 45 0 0 1 e 44 07LiKaMaRoPeTaHuCa.817
6791.44450 0.002 12 0 7 e 35 0 0 1 e 34 07LiKaMaRoPeTaHuCa.818
6791.49990 0.002 12 0 7 e 44 0 0 1 e 43 07LiKaMaRoPeTaHuCa.819
6791.60010 0.002 12 0 7 e 37 0 0 1 e 36 07LiKaMaRoPeTaHuCa.820
6791.64380 0.002 12 0 7 e 38 0 0 1 e 37 07LiKaMaRoPeTaHuCa.821
6791.68610 0.002 12 0 7 e 39 0 0 1 e 38 07LiKaMaRoPeTaHuCa.822
6791.68610 0.002 12 0 7 e 40 0 0 1 e 39 07LiKaMaRoPeTaHuCa.823
6791.68610 0.002 12 0 7 e 41 0 0 1 e 40 07LiKaMaRoPeTaHuCa.824
