12559.53205 461.794 24 0 1 e 44 0 0 1 e 45 10SoGaLiPeTaHu.B1
12561.86725 225.553 24 0 1 e 43 0 0 1 e 44 10SoGaLiPeTaHu.B2
12566.72565 52.075 24 0 1 e 41 0 0 1 e 42 10SoGaLiPeTaHu.B3
12571.56775 12.085 24 0 1 e 39 0 0 1 e 40 10SoGaLiPeTaHu.B4
12573.94515 5.210 24 0 1 e 38 0 0 1 e 39 10SoGaLiPeTaHu.B5
12576.28775 1.665 24 0 1 e 37 0 0 1 e 38 10SoGaLiPeTaHu.B6
12578.59465 0.745 24 0 1 e 36 0 0 1 e 37 10SoGaLiPeTaHu.B7
12580.86285 -0.372 24 0 1 e 35 0 0 1 e 36 10SoGaLiPeTaHu.B8
12583.09205 -1.823 24 0 1 e 34 0 0 1 e 35 10SoGaLiPeTaHu.B9
12585.28475 -0.957 24 0 1 e 33 0 0 1 e 34 10SoGaLiPeTaHu.B10
12587.43985 1.264 24 0 1 e 32 0 0 1 e 33 10SoGaLiPeTaHu.B11
12589.55235 -0.034 24 0 1 e 31 0 0 1 e 32 10SoGaLiPeTaHu.B12
12591.62750 0.511 24 0 1 e 30 0 0 1 e 31 10SoGaLiPeTaHu.B13
12593.66268 0.386 24 0 1 e 29 0 0 1 e 30 10SoGaLiPeTaHu.B14
12595.65853 0.323 24 0 1 e 28 0 0 1 e 29 10SoGaLiPeTaHu.B15
12597.61595 1.307 24 0 1 e 27 0 0 1 e 28 10SoGaLiPeTaHu.B16
12599.53172 0.193 24 0 1 e 26 0 0 1 e 27 10SoGaLiPeTaHu.B17
12601.40860 -0.189 24 0 1 e 25 0 0 1 e 26 10SoGaLiPeTaHu.B18
12603.24677 0.401 24 0 1 e 24 0 0 1 e 25 10SoGaLiPeTaHu.B19
12605.04581 1.596 24 0 1 e 23 0 0 1 e 24 10SoGaLiPeTaHu.B20
12606.80233 0.054 24 0 1 e 22 0 0 1 e 23 10SoGaLiPeTaHu.B21
12608.52088 0.366 24 0 1 e 21 0 0 1 e 22 10SoGaLiPeTaHu.B22
12610.19825 -0.640 24 0 1 e 20 0 0 1 e 21 10SoGaLiPeTaHu.B23
12611.83825 0.877 24 0 1 e 19 0 0 1 e 20 10SoGaLiPeTaHu.B24
12613.43665 0.714 24 0 1 e 18 0 0 1 e 19 10SoGaLiPeTaHu.B25
12614.99365 -0.905 24 0 1 e 17 0 0 1 e 18 10SoGaLiPeTaHu.B26
12616.51215 -1.059 24 0 1 e 16 0 0 1 e 17 10SoGaLiPeTaHu.B27
12617.99195 0.067 24 0 1 e 15 0 0 1 e 16 10SoGaLiPeTaHu.B28
12619.43045 -0.111 24 0 1 e 14 0 0 1 e 15 10SoGaLiPeTaHu.B29
12620.82915 -0.082 24 0 1 e 13 0 0 1 e 14 10SoGaLiPeTaHu.B30
12622.18785 -0.036 24 0 1 e 12 0 0 1 e 13 10SoGaLiPeTaHu.B31
12623.50655 0.037 24 0 1 e 11 0 0 1 e 12 10SoGaLiPeTaHu.B32
12624.78585 0.742 24 0 1 e 10 0 0 1 e 11 10SoGaLiPeTaHu.B33
12626.02375 0.086 24 0 1 e 9 0 0 1 e 10 10SoGaLiPeTaHu.B34
12627.22235 0.173 24 0 1 e 8 0 0 1 e 9 10SoGaLiPeTaHu.B35
12628.38105 0.407 24 0 1 e 7 0 0 1 e 8 10SoGaLiPeTaHu.B36
12629.50065 1.593 24 0 1 e 6 0 0 1 e 7 10SoGaLiPeTaHu.B37
12630.57685 -0.567 24 0 1 e 5 0 0 1 e 6 10SoGaLiPeTaHu.B38
12631.61555 -0.169 24 0 1 e 4 0 0 1 e 5 10SoGaLiPeTaHu.B39
12632.61345 -0.510 24 0 1 e 3 0 0 1 e 4 10SoGaLiPeTaHu.B40
12633.57205 -0.087 24 0 1 e 2 0 0 1 e 3 10SoGaLiPeTaHu.B41
12634.49085 0.604 24 0 1 e 1 0 0 1 e 2 10SoGaLiPeTaHu.B42
12637.76255 0.620 24 0 1 e 2 0 0 1 e 1 10SoGaLiPeTaHu.B43
12638.48045 0.809 24 0 1 e 3 0 0 1 e 2 10SoGaLiPeTaHu.B44
12639.15795 0.692 24 0 1 e 4 0 0 1 e 3 10SoGaLiPeTaHu.B45
12639.79605 1.274 24 0 1 e 5 0 0 1 e 4 10SoGaLiPeTaHu.B46
12640.39215 -0.040 24 0 1 e 6 0 0 1 e 5 10SoGaLiPeTaHu.B47
12640.94895 -0.544 24 0 1 e 7 0 0 1 e 6 10SoGaLiPeTaHu.B48
12641.46535 -1.334 24 0 1 e 8 0 0 1 e 7 10SoGaLiPeTaHu.B49
12641.94255 -1.204 24 0 1 e 9 0 0 1 e 8 10SoGaLiPeTaHu.B50
12642.38015 -0.550 24 0 1 e 10 0 0 1 e 9 10SoGaLiPeTaHu.B51
12642.77635 -1.169 24 0 1 e 11 0 0 1 e 10 10SoGaLiPeTaHu.B52
12643.13365 -0.558 24 0 1 e 12 0 0 1 e 11 10SoGaLiPeTaHu.B53
12643.44985 -0.915 24 0 1 e 13 0 0 1 e 12 10SoGaLiPeTaHu.B54
12643.72705 -0.141 24 0 1 e 14 0 0 1 e 13 10SoGaLiPeTaHu.B55
12643.96305 -0.436 24 0 1 e 15 0 0 1 e 14 10SoGaLiPeTaHu.B56
12644.16075 1.095 24 0 1 e 16 0 0 1 e 15 10SoGaLiPeTaHu.B57
12644.31505 -0.653 24 0 1 e 17 0 0 1 e 16 10SoGaLiPeTaHu.B58
12644.43175 0.111 24 0 1 e 18 0 0 1 e 17 10SoGaLiPeTaHu.B59
12644.50605 -1.424 24 0 1 e 19 0 0 1 e 18 10SoGaLiPeTaHu.B60
12644.49215 -2.398 24 0 1 e 22 0 0 1 e 21 10SoGaLiPeTaHu.B61
12644.41025 0.077 24 0 1 e 23 0 0 1 e 22 10SoGaLiPeTaHu.B62
12644.28595 0.134 24 0 1 e 24 0 0 1 e 23 10SoGaLiPeTaHu.B63
12644.12235 0.833 24 0 1 e 25 0 0 1 e 24 10SoGaLiPeTaHu.B64
12643.91845 1.130 24 0 1 e 26 0 0 1 e 25 10SoGaLiPeTaHu.B65
12643.67445 1.173 24 0 1 e 27 0 0 1 e 26 10SoGaLiPeTaHu.B66
12643.38955 0.101 24 0 1 e 28 0 0 1 e 27 10SoGaLiPeTaHu.B67
12643.06685 0.947 24 0 1 e 29 0 0 1 e 28 10SoGaLiPeTaHu.B68
12642.70305 0.336 24 0 1 e 30 0 0 1 e 29 10SoGaLiPeTaHu.B69
12642.29955 -0.419 24 0 1 e 31 0 0 1 e 30 10SoGaLiPeTaHu.B70
12641.85685 -0.913 24 0 1 e 32 0 0 1 e 31 10SoGaLiPeTaHu.B71
12641.37435 -1.851 24 0 1 e 33 0 0 1 e 32 10SoGaLiPeTaHu.B72
12640.85395 -1.451 24 0 1 e 34 0 0 1 e 33 10SoGaLiPeTaHu.B73
12640.29405 -1.442 24 0 1 e 35 0 0 1 e 34 10SoGaLiPeTaHu.B74
12639.69655 -0.066 24 0 1 e 36 0 0 1 e 35 10SoGaLiPeTaHu.B75
12639.06015 1.221 24 0 1 e 37 0 0 1 e 36 10SoGaLiPeTaHu.B76
12638.38745 4.851 24 0 1 e 38 0 0 1 e 37 10SoGaLiPeTaHu.B77
12637.67875 10.937 24 0 1 e 39 0 0 1 e 38 10SoGaLiPeTaHu.B78
12636.94045 25.679 24 0 1 e 40 0 0 1 e 39 10SoGaLiPeTaHu.B79
12636.17585 52.160 24 0 1 e 41 0 0 1 e 40 10SoGaLiPeTaHu.B80
12635.36905 74.243 24 0 1 e 42 0 0 1 e 41 10SoGaLiPeTaHu.B81
12634.65445 226.076 24 0 1 e 43 0 0 1 e 42 10SoGaLiPeTaHu.B82
12633.99085 466.184 24 0 1 e 44 0 0 1 e 43 10SoGaLiPeTaHu.B83
12632.92565 341.673 24 0 1 e 45 0 0 1 e 44 10SoGaLiPeTaHu.B84
12632.14305 536.429 24 0 1 e 46 0 0 1 e 45 10SoGaLiPeTaHu.B85
12631.23365 640.712 24 0 1 e 47 0 0 1 e 46 10SoGaLiPeTaHu.B86
12630.25205 708.763 24 0 1 e 48 0 0 1 e 47 10SoGaLiPeTaHu.B87
12629.21185 753.795 24 0 1 e 49 0 0 1 e 48 10SoGaLiPeTaHu.B88
12628.12936 791.708 24 0 1 e 50 0 0 1 e 49 10SoGaLiPeTaHu.B89
12627.00495 822.433 24 0 1 e 51 0 0 1 e 50 10SoGaLiPeTaHu.B90
12625.84891 855.795 24 0 1 e 52 0 0 1 e 51 10SoGaLiPeTaHu.B91
12624.66495 895.010 24 0 1 e 53 0 0 1 e 52 10SoGaLiPeTaHu.B92
12688.03886 59.657 24 0 1 e 45 0 0 1 e 46 10SoGaLiPeTaHu.B93
12690.57310 36.249 24 0 1 e 44 0 0 1 e 45 10SoGaLiPeTaHu.B94
12695.55462 4.678 24 0 1 e 42 0 0 1 e 43 10SoGaLiPeTaHu.B95
12698.00734 3.128 24 0 1 e 41 0 0 1 e 42 10SoGaLiPeTaHu.B96
12700.42277 -0.151 24 0 1 e 40 0 0 1 e 41 10SoGaLiPeTaHu.B97
12702.80645 0.860 24 0 1 e 39 0 0 1 e 40 10SoGaLiPeTaHu.B98
12705.15081 -0.965 24 0 1 e 38 0 0 1 e 39 10SoGaLiPeTaHu.B99
12709.73269 -0.422 24 0 1 e 36 0 0 1 e 37 10SoGaLiPeTaHu.B100
12714.16398 -0.117 24 0 1 e 34 0 0 1 e 35 10SoGaLiPeTaHu.B101
12716.32201 -0.449 24 0 1 e 33 0 0 1 e 34 10SoGaLiPeTaHu.B102
12718.44326 0.868 24 0 1 e 32 0 0 1 e 33 10SoGaLiPeTaHu.B103
12720.52413 0.458 24 0 1 e 31 0 0 1 e 32 10SoGaLiPeTaHu.B104
12722.56570 -0.399 24 0 1 e 30 0 0 1 e 31 10SoGaLiPeTaHu.B105
12724.56972 0.224 24 0 1 e 29 0 0 1 e 30 10SoGaLiPeTaHu.B106
12726.53257 -1.136 24 0 1 e 28 0 0 1 e 29 10SoGaLiPeTaHu.B107
12728.45729 -1.303 24 0 1 e 27 0 0 1 e 28 10SoGaLiPeTaHu.B108
12730.34223 -1.808 24 0 1 e 26 0 0 1 e 27 10SoGaLiPeTaHu.B109
12732.18867 -1.267 24 0 1 e 25 0 0 1 e 26 10SoGaLiPeTaHu.B110
12733.99488 -1.323 24 0 1 e 24 0 0 1 e 25 10SoGaLiPeTaHu.B111
12735.76085 -1.914 24 0 1 e 23 0 0 1 e 24 10SoGaLiPeTaHu.B112
12737.48782 -1.739 24 0 1 e 22 0 0 1 e 23 10SoGaLiPeTaHu.B113
12739.17560 -0.937 24 0 1 e 21 0 0 1 e 22 10SoGaLiPeTaHu.B114
12740.82267 -0.991 24 0 1 e 20 0 0 1 e 21 10SoGaLiPeTaHu.B115
12742.43247 1.571 24 0 1 e 19 0 0 1 e 20 10SoGaLiPeTaHu.B116
12743.99943 1.199 24 0 1 e 18 0 0 1 e 19 10SoGaLiPeTaHu.B117
12745.52737 1.728 24 0 1 e 17 0 0 1 e 18 10SoGaLiPeTaHu.B118
12747.01191 -1.212 24 0 1 e 16 0 0 1 e 17 10SoGaLiPeTaHu.B119
12748.45985 -0.820 24 0 1 e 15 0 0 1 e 16 10SoGaLiPeTaHu.B120
12749.87050 2.215 24 0 1 e 14 0 0 1 e 15 10SoGaLiPeTaHu.B121
12751.23451 -1.463 24 0 1 e 13 0 0 1 e 14 10SoGaLiPeTaHu.B122
12752.56322 -0.521 24 0 1 e 12 0 0 1 e 13 10SoGaLiPeTaHu.B123
12753.85072 -0.878 24 0 1 e 11 0 0 1 e 12 10SoGaLiPeTaHu.B124
12755.09659 -2.967 24 0 1 e 10 0 0 1 e 11 10SoGaLiPeTaHu.B125
12756.30327 -4.358 24 0 1 e 9 0 0 1 e 10 10SoGaLiPeTaHu.B126
12757.47142 -4.403 24 0 1 e 8 0 0 1 e 9 10SoGaLiPeTaHu.B127
12758.60031 -3.846 24 0 1 e 7 0 0 1 e 8 10SoGaLiPeTaHu.B128
12759.69364 1.002 24 0 1 e 6 0 0 1 e 7 10SoGaLiPeTaHu.B129
12760.73981 -1.468 24 0 1 e 5 0 0 1 e 6 10SoGaLiPeTaHu.B130
12761.74778 -2.306 24 0 1 e 4 0 0 1 e 5 10SoGaLiPeTaHu.B131
12762.71551 -3.559 24 0 1 e 3 0 0 1 e 4 10SoGaLiPeTaHu.B132
12763.64435 -3.883 24 0 1 e 2 0 0 1 e 3 10SoGaLiPeTaHu.B133
12764.53716 -0.420 24 0 1 e 1 0 0 1 e 2 10SoGaLiPeTaHu.B134
12767.69571 -1.080 24 0 1 e 2 0 0 1 e 1 10SoGaLiPeTaHu.B135
12768.38682 -0.201 24 0 1 e 3 0 0 1 e 2 10SoGaLiPeTaHu.B136
12769.03835 0.945 24 0 1 e 4 0 0 1 e 3 10SoGaLiPeTaHu.B137
12769.64669 -1.239 24 0 1 e 5 0 0 1 e 4 10SoGaLiPeTaHu.B138
12770.22081 2.233 24 0 1 e 6 0 0 1 e 5 10SoGaLiPeTaHu.B139
12770.75097 1.637 24 0 1 e 7 0 0 1 e 6 10SoGaLiPeTaHu.B140
12771.24107 0.891 24 0 1 e 8 0 0 1 e 7 10SoGaLiPeTaHu.B141
12771.69200 0.906 24 0 1 e 9 0 0 1 e 8 10SoGaLiPeTaHu.B142
12772.10371 1.650 24 0 1 e 10 0 0 1 e 9 10SoGaLiPeTaHu.B143
12772.47387 0.815 24 0 1 e 11 0 0 1 e 10 10SoGaLiPeTaHu.B144
12772.80561 1.550 24 0 1 e 12 0 0 1 e 11 10SoGaLiPeTaHu.B145
12773.09695 1.893 24 0 1 e 13 0 0 1 e 12 10SoGaLiPeTaHu.B146
12773.34693 0.903 24 0 1 e 14 0 0 1 e 13 10SoGaLiPeTaHu.B147
12773.55785 0.894 24 0 1 e 15 0 0 1 e 14 10SoGaLiPeTaHu.B148
12773.72831 0.480 24 0 1 e 16 0 0 1 e 15 10SoGaLiPeTaHu.B149
12773.85916 0.518 24 0 1 e 17 0 0 1 e 16 10SoGaLiPeTaHu.B150
12773.94972 0.335 24 0 1 e 18 0 0 1 e 17 10SoGaLiPeTaHu.B151
12774.00496 4.898 24 0 1 e 19 0 0 1 e 18 10SoGaLiPeTaHu.B152
12773.91099 -0.805 24 0 1 e 22 0 0 1 e 21 10SoGaLiPeTaHu.B153
12773.80240 0.052 24 0 1 e 23 0 0 1 e 22 10SoGaLiPeTaHu.B154
12773.65359 0.639 24 0 1 e 24 0 0 1 e 23 10SoGaLiPeTaHu.B155
12773.46425 0.596 24 0 1 e 25 0 0 1 e 24 10SoGaLiPeTaHu.B156
12773.23576 1.234 24 0 1 e 26 0 0 1 e 25 10SoGaLiPeTaHu.B157
12772.96642 0.777 24 0 1 e 27 0 0 1 e 26 10SoGaLiPeTaHu.B158
12772.65933 2.227 24 0 1 e 28 0 0 1 e 27 10SoGaLiPeTaHu.B159
12771.92307 1.562 24 0 1 e 30 0 0 1 e 29 10SoGaLiPeTaHu.B160
12771.49733 2.597 24 0 1 e 31 0 0 1 e 30 10SoGaLiPeTaHu.B161
12771.03038 1.523 24 0 1 e 32 0 0 1 e 31 10SoGaLiPeTaHu.B162
12770.52602 1.946 24 0 1 e 33 0 0 1 e 32 10SoGaLiPeTaHu.B163
12769.98051 -0.090 24 0 1 e 34 0 0 1 e 33 10SoGaLiPeTaHu.B164
12769.39967 0.994 24 0 1 e 35 0 0 1 e 34 10SoGaLiPeTaHu.B165
12768.77935 0.779 24 0 1 e 36 0 0 1 e 35 10SoGaLiPeTaHu.B166
12768.12028 -0.306 24 0 1 e 37 0 0 1 e 36 10SoGaLiPeTaHu.B167
12767.42390 -1.148 24 0 1 e 38 0 0 1 e 37 10SoGaLiPeTaHu.B168
12766.69142 -0.902 24 0 1 e 39 0 0 1 e 38 10SoGaLiPeTaHu.B169
12765.92372 0.916 24 0 1 e 40 0 0 1 e 39 10SoGaLiPeTaHu.B170
12765.11942 2.492 24 0 1 e 41 0 0 1 e 40 10SoGaLiPeTaHu.B171
12764.28042 5.252 24 0 1 e 42 0 0 1 e 41 10SoGaLiPeTaHu.B172
12763.41143 13.392 24 0 1 e 43 0 0 1 e 42 10SoGaLiPeTaHu.B173
12762.51542 29.326 24 0 1 e 44 0 0 1 e 43 10SoGaLiPeTaHu.B174
12761.59861 58.672 24 0 1 e 45 0 0 1 e 44 10SoGaLiPeTaHu.B175
12760.66400 103.779 24 0 1 e 46 0 0 1 e 45 10SoGaLiPeTaHu.B176
12557.96500 4.123 25 1 1 e 3 1 1 1 e 2 10SoGaLiPeTaHu.C1
12558.65060 8.492 25 1 1 e 4 1 1 1 e 3 10SoGaLiPeTaHu.C2
12559.29200 7.899 25 1 1 e 5 1 1 1 e 4 10SoGaLiPeTaHu.C3
12559.89540 8.535 25 1 1 e 6 1 1 1 e 5 10SoGaLiPeTaHu.C4
12560.46290 12.488 25 1 1 e 7 1 1 1 e 6 10SoGaLiPeTaHu.C5
12560.98310 8.344 25 1 1 e 8 1 1 1 e 7 10SoGaLiPeTaHu.C6
12561.45150 -8.414 25 1 1 e 9 1 1 1 e 8 10SoGaLiPeTaHu.C7
12561.90940 3.494 25 1 1 e 10 1 1 1 e 9 10SoGaLiPeTaHu.C8
12562.31550 2.747 25 1 1 e 11 1 1 1 e 10 10SoGaLiPeTaHu.C9
12562.68330 2.820 25 1 1 e 12 1 1 1 e 11 10SoGaLiPeTaHu.C10
12563.00990 0.785 25 1 1 e 13 1 1 1 e 12 10SoGaLiPeTaHu.C11
12563.29550 -3.188 25 1 1 e 14 1 1 1 e 13 10SoGaLiPeTaHu.C12
12563.54490 -4.332 25 1 1 e 15 1 1 1 e 14 10SoGaLiPeTaHu.C13
12563.75560 -5.181 25 1 1 e 16 1 1 1 e 15 10SoGaLiPeTaHu.C14
12563.92710 -6.274 25 1 1 e 17 1 1 1 e 16 10SoGaLiPeTaHu.C15
12564.06130 -5.751 25 1 1 e 18 1 1 1 e 17 10SoGaLiPeTaHu.C16
12564.15840 -3.456 25 1 1 e 19 1 1 1 e 18 10SoGaLiPeTaHu.C17
12564.21360 -4.234 25 1 1 e 20 1 1 1 e 19 10SoGaLiPeTaHu.C18
12564.23260 -2.434 25 1 1 e 21 1 1 1 e 20 10SoGaLiPeTaHu.C19
12564.21360 0.092 25 1 1 e 22 1 1 1 e 21 10SoGaLiPeTaHu.C20
12564.15840 5.092 25 1 1 e 23 1 1 1 e 22 10SoGaLiPeTaHu.C21
12564.06130 6.808 25 1 1 e 24 1 1 1 e 23 10SoGaLiPeTaHu.C22
12563.92710 9.981 25 1 1 e 25 1 1 1 e 24 10SoGaLiPeTaHu.C23
12563.75560 14.350 25 1 1 e 26 1 1 1 e 25 10SoGaLiPeTaHu.C24
12563.54490 17.951 25 1 1 e 27 1 1 1 e 26 10SoGaLiPeTaHu.C25
12563.29950 25.215 25 1 1 e 28 1 1 1 e 27 10SoGaLiPeTaHu.C26
12563.00990 26.575 25 1 1 e 29 1 1 1 e 28 10SoGaLiPeTaHu.C27
12562.68330 29.156 25 1 1 e 30 1 1 1 e 29 10SoGaLiPeTaHu.C28
12562.33280 45.985 25 1 1 e 31 1 1 1 e 30 10SoGaLiPeTaHu.C29
12553.05050 1.161 25 1 1 e 2 1 1 1 e 3 10SoGaLiPeTaHu.C30
12552.09510 1.682 25 1 1 e 3 1 1 1 e 4 10SoGaLiPeTaHu.C31
12551.09760 -0.682 25 1 1 e 4 1 1 1 e 5 10SoGaLiPeTaHu.C32
12550.06210 -1.848 25 1 1 e 5 1 1 1 e 6 10SoGaLiPeTaHu.C33
12548.98860 -1.832 25 1 1 e 6 1 1 1 e 7 10SoGaLiPeTaHu.C34
12547.87930 1.545 25 1 1 e 7 1 1 1 e 8 10SoGaLiPeTaHu.C35
12546.72910 3.160 25 1 1 e 8 1 1 1 e 9 10SoGaLiPeTaHu.C36
12545.53280 -2.211 25 1 1 e 9 1 1 1 e 10 10SoGaLiPeTaHu.C37
12544.30490 -0.096 25 1 1 e 10 1 1 1 e 11 10SoGaLiPeTaHu.C38
12543.03410 -1.828 25 1 1 e 11 1 1 1 e 12 10SoGaLiPeTaHu.C39
12541.72800 0.162 25 1 1 e 12 1 1 1 e 13 10SoGaLiPeTaHu.C40
12540.38120 0.437 25 1 1 e 13 1 1 1 e 14 10SoGaLiPeTaHu.C41
12538.99660 1.858 25 1 1 e 14 1 1 1 e 15 10SoGaLiPeTaHu.C42
12537.57000 0.184 25 1 1 e 15 1 1 1 e 16 10SoGaLiPeTaHu.C43
12536.10400 -2.028 25 1 1 e 16 1 1 1 e 17 10SoGaLiPeTaHu.C44
12534.60420 0.775 25 1 1 e 17 1 1 1 e 18 10SoGaLiPeTaHu.C45
12533.06120 -0.857 25 1 1 e 18 1 1 1 e 19 10SoGaLiPeTaHu.C46
12531.48280 0.826 25 1 1 e 19 1 1 1 e 20 10SoGaLiPeTaHu.C47
12529.86310 -0.133 25 1 1 e 20 1 1 1 e 21 10SoGaLiPeTaHu.C48
12528.20640 0.511 25 1 1 e 21 1 1 1 e 22 10SoGaLiPeTaHu.C49
12526.50850 -1.503 25 1 1 e 22 1 1 1 e 23 10SoGaLiPeTaHu.C50
12524.77620 0.564 25 1 1 e 23 1 1 1 e 24 10SoGaLiPeTaHu.C51
12523.00370 0.845 25 1 1 e 24 1 1 1 e 25 10SoGaLiPeTaHu.C52
12521.19120 -0.526 25 1 1 e 25 1 1 1 e 26 10SoGaLiPeTaHu.C53
12519.34820 5.880 25 1 1 e 26 1 1 1 e 27 10SoGaLiPeTaHu.C54
12517.46970 14.990 25 1 1 e 27 1 1 1 e 28 10SoGaLiPeTaHu.C55
12515.54810 19.129 25 1 1 e 28 1 1 1 e 29 10SoGaLiPeTaHu.C56
12513.59020 25.018 25 1 1 e 29 1 1 1 e 30 10SoGaLiPeTaHu.C57
12511.59860 35.176 25 1 1 e 30 1 1 1 e 31 10SoGaLiPeTaHu.C58
12509.57040 46.621 25 1 1 e 31 1 1 1 e 32 10SoGaLiPeTaHu.C59
12509.65280 67.155 25 1 1 f 31 1 1 1 f 32 10SoGaLiPeTaHu.D1
12511.65480 46.124 25 1 1 f 30 1 1 1 f 31 10SoGaLiPeTaHu.D2
12513.62580 29.903 25 1 1 f 29 1 1 1 f 30 10SoGaLiPeTaHu.D3
12515.56890 21.822 25 1 1 f 28 1 1 1 f 29 10SoGaLiPeTaHu.D4
12517.46970 7.704 25 1 1 f 27 1 1 1 f 28 10SoGaLiPeTaHu.D5
12519.34820 7.764 25 1 1 f 26 1 1 1 f 27 10SoGaLiPeTaHu.D6
12521.18220 0.007 25 1 1 f 25 1 1 1 f 26 10SoGaLiPeTaHu.D7
12522.98970 2.635 25 1 1 f 24 1 1 1 f 25 10SoGaLiPeTaHu.D8
12524.75360 -1.260 25 1 1 f 23 1 1 1 f 24 10SoGaLiPeTaHu.D9
12526.48250 -2.894 25 1 1 f 22 1 1 1 f 23 10SoGaLiPeTaHu.D10
12528.17750 -0.990 25 1 1 f 21 1 1 1 f 22 10SoGaLiPeTaHu.D11
12529.83380 -0.178 25 1 1 f 20 1 1 1 f 21 10SoGaLiPeTaHu.D12
12531.45270 1.004 25 1 1 f 19 1 1 1 f 20 10SoGaLiPeTaHu.D13
12533.03580 4.312 25 1 1 f 18 1 1 1 f 19 10SoGaLiPeTaHu.D14
12534.57090 -2.309 25 1 1 f 17 1 1 1 f 18 10SoGaLiPeTaHu.D15
12536.07620 -0.518 25 1 1 f 16 1 1 1 f 17 10SoGaLiPeTaHu.D16
12537.54200 0.116 25 1 1 f 15 1 1 1 f 16 10SoGaLiPeTaHu.D17
12538.96980 1.219 25 1 1 f 14 1 1 1 f 15 10SoGaLiPeTaHu.D18
12540.35590 -0.793 25 1 1 f 13 1 1 1 f 14 10SoGaLiPeTaHu.D19
12541.70640 0.289 25 1 1 f 12 1 1 1 f 13 10SoGaLiPeTaHu.D20
12543.01700 0.269 25 1 1 f 11 1 1 1 f 12 10SoGaLiPeTaHu.D21
12544.28580 -2.660 25 1 1 f 10 1 1 1 f 11 10SoGaLiPeTaHu.D22
12547.87930 9.833 25 1 1 f 7 1 1 1 f 8 10SoGaLiPeTaHu.D23
12548.98860 3.764 25 1 1 f 6 1 1 1 f 7 10SoGaLiPeTaHu.D24
12550.06210 1.147 25 1 1 f 5 1 1 1 f 6 10SoGaLiPeTaHu.D25
12551.09760 -0.171 25 1 1 f 4 1 1 1 f 5 10SoGaLiPeTaHu.D26
12552.09510 -0.145 25 1 1 f 3 1 1 1 f 4 10SoGaLiPeTaHu.D27
12553.05050 -2.843 25 1 1 f 2 1 1 1 f 3 10SoGaLiPeTaHu.D28
12557.96760 -6.441 25 1 1 f 3 1 1 1 f 2 10SoGaLiPeTaHu.D29
12558.65060 -5.570 25 1 1 f 4 1 1 1 f 3 10SoGaLiPeTaHu.D30
12559.29200 -6.919 25 1 1 f 5 1 1 1 f 4 10SoGaLiPeTaHu.D31
12559.89540 -6.919 25 1 1 f 6 1 1 1 f 5 10SoGaLiPeTaHu.D32
12560.46290 -3.512 25 1 1 f 7 1 1 1 f 6 10SoGaLiPeTaHu.D33
12560.98310 -8.147 25 1 1 f 8 1 1 1 f 7 10SoGaLiPeTaHu.D34
12561.48390 7.022 25 1 1 f 9 1 1 1 f 8 10SoGaLiPeTaHu.D35
12561.90940 -13.970 25 1 1 f 10 1 1 1 f 9 10SoGaLiPeTaHu.D36
12562.31550 -15.293 25 1 1 f 11 1 1 1 f 10 10SoGaLiPeTaHu.D37
12562.68330 -15.925 25 1 1 f 12 1 1 1 f 11 10SoGaLiPeTaHu.D38
12563.00990 -18.853 25 1 1 f 13 1 1 1 f 12 10SoGaLiPeTaHu.D39
12563.29550 -23.970 25 1 1 f 14 1 1 1 f 13 10SoGaLiPeTaHu.D40
12563.54490 -26.577 25 1 1 f 15 1 1 1 f 14 10SoGaLiPeTaHu.D41
12563.75560 -29.282 25 1 1 f 16 1 1 1 f 15 10SoGaLiPeTaHu.D42
12563.92710 -32.701 25 1 1 f 17 1 1 1 f 16 10SoGaLiPeTaHu.D43
12564.06130 -35.058 25 1 1 f 18 1 1 1 f 17 10SoGaLiPeTaHu.D44
12564.15840 -36.284 25 1 1 f 19 1 1 1 f 18 10SoGaLiPeTaHu.D45
12564.21360 -41.317 25 1 1 f 20 1 1 1 f 19 10SoGaLiPeTaHu.D46
12564.23260 -44.603 25 1 1 f 21 1 1 1 f 20 10SoGaLiPeTaHu.D47
12564.21360 -48.096 25 1 1 f 22 1 1 1 f 21 10SoGaLiPeTaHu.D48
12564.15840 -50.156 25 1 1 f 23 1 1 1 f 22 10SoGaLiPeTaHu.D49
12564.06130 -56.653 25 1 1 f 24 1 1 1 f 23 10SoGaLiPeTaHu.D50
12563.92710 -62.963 25 1 1 f 25 1 1 1 f 24 10SoGaLiPeTaHu.D51
12563.75560 -69.469 25 1 1 f 26 1 1 1 f 25 10SoGaLiPeTaHu.D52
12563.54490 -78.261 25 1 1 f 27 1 1 1 f 26 10SoGaLiPeTaHu.D53
12563.29550 -89.040 25 1 1 f 28 1 1 1 f 27 10SoGaLiPeTaHu.D54
12563.00990 -99.511 25 1 1 f 29 1 1 1 f 28 10SoGaLiPeTaHu.D55
12562.68330 -114.687 25 1 1 f 30 1 1 1 f 29 10SoGaLiPeTaHu.D56
12562.33280 -117.690 25 1 1 f 31 1 1 1 f 30 10SoGaLiPeTaHu.D57
12561.48390 -164.299 25 1 1 f 33 1 1 1 f 32 10SoGaLiPeTaHu.D58
