7648.16890 0.001 14 0 3 e 2 0 0 1 e 3 11LiKaPeTaCa.1
7649.05510 0.001 14 0 3 e 1 0 0 1 e 2 11LiKaPeTaCa.2
7653.86820 0.001 14 0 3 e 4 0 0 1 e 3 11LiKaPeTaCa.3
7654.58620 0.001 14 0 3 e 5 0 0 1 e 4 11LiKaPeTaCa.4
7655.28220 0.001 14 0 3 e 6 0 0 1 e 5 11LiKaPeTaCa.5
7655.95430 0.001 14 0 3 e 7 0 0 1 e 6 11LiKaPeTaCa.6
7656.60180 0.001 14 0 3 e 8 0 0 1 e 7 11LiKaPeTaCa.7
7657.22550 0.001 14 0 3 e 9 0 0 1 e 8 11LiKaPeTaCa.8
7657.82650 0.001 14 0 3 e 10 0 0 1 e 9 11LiKaPeTaCa.9
7658.40240 0.001 14 0 3 e 11 0 0 1 e 10 11LiKaPeTaCa.10
7658.95530 0.001 14 0 3 e 12 0 0 1 e 11 11LiKaPeTaCa.11
7659.48400 0.001 14 0 3 e 13 0 0 1 e 12 11LiKaPeTaCa.12
7660.16760 0.001 14 0 3 e 55 0 0 1 e 54 11LiKaPeTaCa.13
7660.47020 0.001 14 0 3 e 15 0 0 1 e 14 11LiKaPeTaCa.14
7660.92720 0.001 14 0 3 e 16 0 0 1 e 15 11LiKaPeTaCa.15
7661.35970 0.001 14 0 3 e 17 0 0 1 e 16 11LiKaPeTaCa.16
7661.51340 0.001 14 0 3 e 52 0 0 1 e 51 11LiKaPeTaCa.17
7661.76880 0.001 14 0 3 e 18 0 0 1 e 17 11LiKaPeTaCa.18
7661.91210 0.001 14 0 3 e 51 0 0 1 e 50 11LiKaPeTaCa.19
7662.15650 0.001 14 0 3 e 19 0 0 1 e 18 11LiKaPeTaCa.20
7662.51740 0.001 14 0 3 e 20 0 0 1 e 19 11LiKaPeTaCa.21
7662.64250 0.001 14 0 3 e 49 0 0 1 e 48 11LiKaPeTaCa.22
7662.85680 0.001 14 0 3 e 21 0 0 1 e 20 11LiKaPeTaCa.23
7662.97680 0.001 14 0 3 e 48 0 0 1 e 47 11LiKaPeTaCa.24
7663.17030 0.001 14 0 3 e 22 0 0 1 e 21 11LiKaPeTaCa.25
7663.28000 0.001 14 0 3 e 47 0 0 1 e 46 11LiKaPeTaCa.26
7663.46290 0.001 14 0 3 e 23 0 0 1 e 22 11LiKaPeTaCa.27
7663.72800 0.001 14 0 3 e 24 0 0 1 e 23 11LiKaPeTaCa.28
7663.81970 0.001 14 0 3 e 45 0 0 1 e 44 11LiKaPeTaCa.29
7663.97170 0.001 14 0 3 e 25 0 0 1 e 24 11LiKaPeTaCa.30
7664.04480 0.001 14 0 3 e 44 0 0 1 e 43 11LiKaPeTaCa.31
7664.18910 0.001 14 0 3 e 26 0 0 1 e 25 11LiKaPeTaCa.32
7664.26140 0.001 14 0 3 e 43 0 0 1 e 42 11LiKaPeTaCa.33
7664.38490 0.001 14 0 3 e 27 0 0 1 e 26 11LiKaPeTaCa.34
7664.55720 0.001 14 0 3 e 28 0 0 1 e 27 11LiKaPeTaCa.35
7664.61390 0.001 14 0 3 e 41 0 0 1 e 40 11LiKaPeTaCa.36
7664.70390 0.001 14 0 3 e 29 0 0 1 e 28 11LiKaPeTaCa.37
7664.75200 0.001 14 0 3 e 40 0 0 1 e 39 11LiKaPeTaCa.38
7664.82750 0.001 14 0 3 e 30 0 0 1 e 29 11LiKaPeTaCa.39
7664.92730 0.001 14 0 3 e 31 0 0 1 e 30 11LiKaPeTaCa.40
7665.00380 0.001 14 0 3 e 32 0 0 1 e 31 11LiKaPeTaCa.41
7665.02540 0.001 14 0 3 e 37 0 0 1 e 36 11LiKaPeTaCa.42
7665.05690 0.001 14 0 3 e 33 0 0 1 e 32 11LiKaPeTaCa.43
7665.08590 0.001 14 0 3 e 34 0 0 1 e 33 11LiKaPeTaCa.44
7841.48400 0.001 14 0 8 e 33 0 0 1 e 34 11LiKaPeTaCa.45
7844.36600 0.001 14 0 8 e 31 0 0 1 e 32 11LiKaPeTaCa.46
7847.17700 0.001 14 0 8 e 29 0 0 1 e 30 11LiKaPeTaCa.47
7848.55700 0.001 14 0 8 e 28 0 0 1 e 29 11LiKaPeTaCa.48
7849.92000 0.001 14 0 8 e 27 0 0 1 e 28 11LiKaPeTaCa.49
7853.88100 0.001 14 0 8 e 24 0 0 1 e 25 11LiKaPeTaCa.50
7856.43000 0.001 14 0 8 e 22 0 0 1 e 23 11LiKaPeTaCa.51
7861.30500 0.001 14 0 8 e 18 0 0 1 e 19 11LiKaPeTaCa.52
7862.47600 0.001 14 0 8 e 17 0 0 1 e 18 11LiKaPeTaCa.53
7863.62800 0.001 14 0 8 e 16 0 0 1 e 17 11LiKaPeTaCa.54
7864.76300 0.001 14 0 8 e 15 0 0 1 e 16 11LiKaPeTaCa.55
7865.87800 0.001 14 0 8 e 14 0 0 1 e 15 11LiKaPeTaCa.56
7868.05300 0.001 14 0 8 e 12 0 0 1 e 13 11LiKaPeTaCa.57
7869.11400 0.001 14 0 8 e 11 0 0 1 e 12 11LiKaPeTaCa.58
7870.15400 0.001 14 0 8 e 10 0 0 1 e 11 11LiKaPeTaCa.59
7871.17700 0.001 14 0 8 e 9 0 0 1 e 10 11LiKaPeTaCa.60
7872.18100 0.001 14 0 8 e 8 0 0 1 e 9 11LiKaPeTaCa.61
7874.13500 0.001 14 0 8 e 6 0 0 1 e 7 11LiKaPeTaCa.62
7875.08100 0.001 14 0 8 e 5 0 0 1 e 6 11LiKaPeTaCa.63
7876.00900 0.001 14 0 8 e 4 0 0 1 e 5 11LiKaPeTaCa.64
7876.92200 0.001 14 0 8 e 3 0 0 1 e 4 11LiKaPeTaCa.65
7878.69400 0.001 14 0 8 e 1 0 0 1 e 2 11LiKaPeTaCa.66
7882.00600 0.001 14 0 8 e 2 0 0 1 e 1 11LiKaPeTaCa.67
7882.79100 0.001 14 0 8 e 3 0 0 1 e 2 11LiKaPeTaCa.68
7883.55100 0.001 14 0 8 e 4 0 0 1 e 3 11LiKaPeTaCa.69
7885.73400 0.001 14 0 8 e 7 0 0 1 e 6 11LiKaPeTaCa.70
7886.42600 0.001 14 0 8 e 8 0 0 1 e 7 11LiKaPeTaCa.71
7887.75000 0.001 14 0 8 e 10 0 0 1 e 9 11LiKaPeTaCa.72
7888.38400 0.001 14 0 8 e 11 0 0 1 e 10 11LiKaPeTaCa.73
7890.17400 0.001 14 0 8 e 14 0 0 1 e 13 11LiKaPeTaCa.74
7891.27500 0.001 14 0 8 e 16 0 0 1 e 15 11LiKaPeTaCa.75
7891.79700 0.001 14 0 8 e 17 0 0 1 e 16 11LiKaPeTaCa.76
7892.78300 0.001 14 0 8 e 19 0 0 1 e 18 11LiKaPeTaCa.77
7893.25000 0.001 14 0 8 e 20 0 0 1 e 19 11LiKaPeTaCa.78
7893.69600 0.001 14 0 8 e 21 0 0 1 e 20 11LiKaPeTaCa.79
7894.11800 0.001 14 0 8 e 22 0 0 1 e 21 11LiKaPeTaCa.80
7894.92200 0.001 14 0 8 e 24 0 0 1 e 23 11LiKaPeTaCa.81
7895.29000 0.001 14 0 8 e 25 0 0 1 e 24 11LiKaPeTaCa.82
7895.64400 0.001 14 0 8 e 26 0 0 1 e 25 11LiKaPeTaCa.83
7895.97500 0.001 14 0 8 e 27 0 0 1 e 26 11LiKaPeTaCa.84
7896.28700 0.001 14 0 8 e 28 0 0 1 e 27 11LiKaPeTaCa.85
7896.85800 0.001 14 0 8 e 30 0 0 1 e 29 11LiKaPeTaCa.86
