7649.05510 1.05 14 0 1 e 1 0 0 1 e 2 11LiKaPeTaCa.B1
7648.16890 0.32 14 0 1 e 2 0 0 1 e 3 11LiKaPeTaCa.B2
7653.86820 0.25 14 0 1 e 4 0 0 1 e 3 11LiKaPeTaCa.B3
7654.58620 -0.88 14 0 1 e 5 0 0 1 e 4 11LiKaPeTaCa.B4
7655.28220 -0.23 14 0 1 e 6 0 0 1 e 5 11LiKaPeTaCa.B5
7655.95430 0.30 14 0 1 e 7 0 0 1 e 6 11LiKaPeTaCa.B6
7656.60180 0.02 14 0 1 e 8 0 0 1 e 7 11LiKaPeTaCa.B7
7657.22550 -0.27 14 0 1 e 9 0 0 1 e 8 11LiKaPeTaCa.B8
7657.82650 0.54 14 0 1 e 10 0 0 1 e 9 11LiKaPeTaCa.B9
7658.40240 0.04 14 0 1 e 11 0 0 1 e 10 11LiKaPeTaCa.B10
7658.95530 0.35 14 0 1 e 12 0 0 1 e 11 11LiKaPeTaCa.B11
7659.48400 0.26 14 0 1 e 13 0 0 1 e 12 11LiKaPeTaCa.B12
7660.47020 0.31 14 0 1 e 15 0 0 1 e 14 11LiKaPeTaCa.B13
7660.92720 -0.04 14 0 1 e 16 0 0 1 e 15 11LiKaPeTaCa.B14
7661.35970 -1.07 14 0 1 e 17 0 0 1 e 16 11LiKaPeTaCa.B15
7661.76880 -1.67 14 0 1 e 18 0 0 1 e 17 11LiKaPeTaCa.B16
7662.15650 0.14 14 0 1 e 19 0 0 1 e 18 11LiKaPeTaCa.B17
7662.51740 -1.01 14 0 1 e 20 0 0 1 e 19 11LiKaPeTaCa.B18
7662.85680 0.17 14 0 1 e 21 0 0 1 e 20 11LiKaPeTaCa.B19
7663.17030 -0.71 14 0 1 e 22 0 0 1 e 21 11LiKaPeTaCa.B20
7663.46290 1.34 14 0 1 e 23 0 0 1 e 22 11LiKaPeTaCa.B21
7663.72800 -0.27 14 0 1 e 24 0 0 1 e 23 11LiKaPeTaCa.B22
7663.97170 0.56 14 0 1 e 25 0 0 1 e 24 11LiKaPeTaCa.B23
7664.18910 -1.06 14 0 1 e 26 0 0 1 e 25 11LiKaPeTaCa.B24
7664.38490 -0.43 14 0 1 e 27 0 0 1 e 26 11LiKaPeTaCa.B25
7664.55720 0.54 14 0 1 e 28 0 0 1 e 27 11LiKaPeTaCa.B26
7664.70390 -0.23 14 0 1 e 29 0 0 1 e 28 11LiKaPeTaCa.B27
7664.82750 -0.26 14 0 1 e 30 0 0 1 e 29 11LiKaPeTaCa.B28
7664.92730 -0.23 14 0 1 e 31 0 0 1 e 30 11LiKaPeTaCa.B29
7665.00380 0.36 14 0 1 e 32 0 0 1 e 31 11LiKaPeTaCa.B30
7665.05690 1.40 14 0 1 e 33 0 0 1 e 32 11LiKaPeTaCa.B31
7665.08590 2.20 14 0 1 e 34 0 0 1 e 33 11LiKaPeTaCa.B32
7665.02540 0.24 14 0 1 e 37 0 0 1 e 36 11LiKaPeTaCa.B33
7664.75200 0.09 14 0 1 e 40 0 0 1 e 39 11LiKaPeTaCa.B34
7664.61390 0.79 14 0 1 e 41 0 0 1 e 40 11LiKaPeTaCa.B35
7664.26140 -2.56 14 0 1 e 43 0 0 1 e 42 11LiKaPeTaCa.B36
7664.04480 -8.81 14 0 1 e 44 0 0 1 e 43 11LiKaPeTaCa.B37
7663.81970 0.28 14 0 1 e 45 0 0 1 e 44 11LiKaPeTaCa.B38
7663.28000 0.50 14 0 1 e 47 0 0 1 e 46 11LiKaPeTaCa.B39
7662.97680 3.01 14 0 1 e 48 0 0 1 e 47 11LiKaPeTaCa.B40
7662.64250 -1.74 14 0 1 e 49 0 0 1 e 48 11LiKaPeTaCa.B41
7661.91210 -1.57 14 0 1 e 51 0 0 1 e 50 11LiKaPeTaCa.B42
7661.51340 0.75 14 0 1 e 52 0 0 1 e 51 11LiKaPeTaCa.B43
7660.16760 0.83 14 0 1 e 55 0 0 1 e 54 11LiKaPeTaCa.B44
7878.69400 2.48 14 0 1 e 1 0 0 1 e 2 11LiKaPeTaCa.B45
7876.92200 -1.49 14 0 1 e 3 0 0 1 e 4 11LiKaPeTaCa.B46
7876.00900 -2.83 14 0 1 e 4 0 0 1 e 5 11LiKaPeTaCa.B47
7875.08100 -0.74 14 0 1 e 5 0 0 1 e 6 11LiKaPeTaCa.B48
7874.13500 1.81 14 0 1 e 6 0 0 1 e 7 11LiKaPeTaCa.B49
7872.18100 0.31 14 0 1 e 8 0 0 1 e 9 11LiKaPeTaCa.B50
7871.17700 0.30 14 0 1 e 9 0 0 1 e 10 11LiKaPeTaCa.B51
7870.15400 -0.19 14 0 1 e 10 0 0 1 e 11 11LiKaPeTaCa.B52
7869.11400 0.87 14 0 1 e 11 0 0 1 e 12 11LiKaPeTaCa.B53
7868.05300 -0.50 14 0 1 e 12 0 0 1 e 13 11LiKaPeTaCa.B54
7865.87800 -0.43 14 0 1 e 14 0 0 1 e 15 11LiKaPeTaCa.B55
7864.76300 0.06 14 0 1 e 15 0 0 1 e 16 11LiKaPeTaCa.B56
7863.62800 -0.77 14 0 1 e 16 0 0 1 e 17 11LiKaPeTaCa.B57
7862.47600 0.09 14 0 1 e 17 0 0 1 e 18 11LiKaPeTaCa.B58
7861.30500 0.67 14 0 1 e 18 0 0 1 e 19 11LiKaPeTaCa.B59
7856.43000 -0.46 14 0 1 e 22 0 0 1 e 23 11LiKaPeTaCa.B60
7853.88100 0.13 14 0 1 e 24 0 0 1 e 25 11LiKaPeTaCa.B61
7849.92000 4.25 14 0 1 e 27 0 0 1 e 28 11LiKaPeTaCa.B62
7848.55700 0.38 14 0 1 e 28 0 0 1 e 29 11LiKaPeTaCa.B63
7847.17700 -1.84 14 0 1 e 29 0 0 1 e 30 11LiKaPeTaCa.B64
7844.36600 -1.57 14 0 1 e 31 0 0 1 e 32 11LiKaPeTaCa.B65
7841.48400 1.41 14 0 1 e 33 0 0 1 e 34 11LiKaPeTaCa.B66
7882.00600 -0.51 14 0 1 e 2 0 0 1 e 1 11LiKaPeTaCa.B67
7882.79100 1.83 14 0 1 e 3 0 0 1 e 2 11LiKaPeTaCa.B68
7883.55100 -2.37 14 0 1 e 4 0 0 1 e 3 11LiKaPeTaCa.B69
7885.73400 -1.03 14 0 1 e 7 0 0 1 e 6 11LiKaPeTaCa.B70
7886.42600 0.80 14 0 1 e 8 0 0 1 e 7 11LiKaPeTaCa.B71
7887.75000 0.22 14 0 1 e 10 0 0 1 e 9 11LiKaPeTaCa.B72
7888.38400 -0.14 14 0 1 e 11 0 0 1 e 10 11LiKaPeTaCa.B73
7890.17400 -1.06 14 0 1 e 14 0 0 1 e 13 11LiKaPeTaCa.B74
7891.27500 -0.22 14 0 1 e 16 0 0 1 e 15 11LiKaPeTaCa.B75
7891.79700 -0.06 14 0 1 e 17 0 0 1 e 16 11LiKaPeTaCa.B76
7892.78300 -1.11 14 0 1 e 19 0 0 1 e 18 11LiKaPeTaCa.B77
7893.25000 0.73 14 0 1 e 20 0 0 1 e 19 11LiKaPeTaCa.B78
7893.69600 0.52 14 0 1 e 21 0 0 1 e 20 11LiKaPeTaCa.B79
7894.11800 -4.73 14 0 1 e 22 0 0 1 e 21 11LiKaPeTaCa.B80
7894.92200 1.69 14 0 1 e 24 0 0 1 e 23 11LiKaPeTaCa.B81
7895.29000 -0.64 14 0 1 e 25 0 0 1 e 24 11LiKaPeTaCa.B82
7895.64400 2.01 14 0 1 e 26 0 0 1 e 25 11LiKaPeTaCa.B83
7895.97500 0.61 14 0 1 e 27 0 0 1 e 26 11LiKaPeTaCa.B84
7896.28700 -0.86 14 0 1 e 28 0 0 1 e 27 11LiKaPeTaCa.B85
7896.85800 -0.19 14 0 1 e 30 0 0 1 e 29 11LiKaPeTaCa.B86
