6990.3377 3.618 12 0 10 e 49 0 0 1 e 50 12LuMoLiPeKaCa.1
6991.9700 2.226 12 0 10 e 48 0 0 1 e 49 12LuMoLiPeKaCa.2
6996.7674 2.661 12 0 10 e 45 0 0 1 e 46 12LuMoLiPeKaCa.3
6998.3293 0.035 12 0 10 e 44 0 0 1 e 45 12LuMoLiPeKaCa.4
7001.4045 -2.539 12 0 10 e 42 0 0 1 e 43 12LuMoLiPeKaCa.5
7002.9177 -2.720 12 0 10 e 41 0 0 1 e 42 12LuMoLiPeKaCa.6
7005.8951 -1.393 12 0 10 e 39 0 0 1 e 40 12LuMoLiPeKaCa.7
7008.8047 -0.687 12 0 10 e 37 0 0 1 e 38 12LuMoLiPeKaCa.8
7010.2338 -0.989 12 0 10 e 36 0 0 1 e 37 12LuMoLiPeKaCa.9
7011.6462 -1.369 12 0 10 e 35 0 0 1 e 36 12LuMoLiPeKaCa.10
7013.0431 -0.683 12 0 10 e 34 0 0 1 e 35 12LuMoLiPeKaCa.11
7014.4245 1.018 12 0 10 e 33 0 0 1 e 34 12LuMoLiPeKaCa.12
7017.1324 -1.139 12 0 10 e 31 0 0 1 e 32 12LuMoLiPeKaCa.13
7018.4648 0.805 12 0 10 e 30 0 0 1 e 31 12LuMoLiPeKaCa.14
7023.6228 -0.259 12 0 10 e 26 0 0 1 e 27 12LuMoLiPeKaCa.15
7024.8755 3.155 12 0 10 e 25 0 0 1 e 26 12LuMoLiPeKaCa.16
7026.1061 0.581 12 0 10 e 24 0 0 1 e 25 12LuMoLiPeKaCa.17
7029.7095 0.782 12 0 10 e 21 0 0 1 e 22 12LuMoLiPeKaCa.18
7030.8795 1.713 12 0 10 e 20 0 0 1 e 21 12LuMoLiPeKaCa.19
7032.0317 0.790 12 0 10 e 19 0 0 1 e 20 12LuMoLiPeKaCa.20
7033.1689 0.786 12 0 10 e 18 0 0 1 e 19 12LuMoLiPeKaCa.21
7034.2900 0.575 12 0 10 e 17 0 0 1 e 18 12LuMoLiPeKaCa.22
7035.3936 -1.270 12 0 10 e 16 0 0 1 e 17 12LuMoLiPeKaCa.23
7037.5586 0.349 12 0 10 e 14 0 0 1 e 15 12LuMoLiPeKaCa.24
7038.6161 -0.128 12 0 10 e 13 0 0 1 e 14 12LuMoLiPeKaCa.25
7039.6586 0.177 12 0 10 e 12 0 0 1 e 13 12LuMoLiPeKaCa.26
7040.6850 0.148 12 0 10 e 11 0 0 1 e 12 12LuMoLiPeKaCa.27
7041.6964 0.871 12 0 10 e 10 0 0 1 e 11 12LuMoLiPeKaCa.28
7042.6897 -0.770 12 0 10 e 9 0 0 1 e 10 12LuMoLiPeKaCa.29
7043.6685 -1.185 12 0 10 e 8 0 0 1 e 9 12LuMoLiPeKaCa.30
7044.6337 0.514 12 0 10 e 7 0 0 1 e 8 12LuMoLiPeKaCa.31
7045.5800 -0.981 12 0 10 e 6 0 0 1 e 7 12LuMoLiPeKaCa.32
7046.5117 -1.377 12 0 10 e 5 0 0 1 e 6 12LuMoLiPeKaCa.33
7047.4284 -1.080 12 0 10 e 4 0 0 1 e 5 12LuMoLiPeKaCa.34
7048.3292 -0.994 12 0 10 e 3 0 0 1 e 4 12LuMoLiPeKaCa.35
7049.2147 -0.520 12 0 10 e 2 0 0 1 e 3 12LuMoLiPeKaCa.36
7050.0847 0.139 12 0 10 e 1 0 0 1 e 2 12LuMoLiPeKaCa.37
7055.7333 2.863 12 0 10 e 5 0 0 1 e 4 12LuMoLiPeKaCa.38
7057.2020 -0.037 12 0 10 e 7 0 0 1 e 6 12LuMoLiPeKaCa.39
7059.2908 -0.321 12 0 10 e 10 0 0 1 e 9 12LuMoLiPeKaCa.40
7059.9550 -0.857 12 0 10 e 11 0 0 1 e 10 12LuMoLiPeKaCa.41
7060.6049 0.155 12 0 10 e 12 0 0 1 e 11 12LuMoLiPeKaCa.42
7061.2379 0.139 12 0 10 e 13 0 0 1 e 12 12LuMoLiPeKaCa.43
7061.8549 0.020 12 0 10 e 14 0 0 1 e 13 12LuMoLiPeKaCa.44
7062.4562 0.126 12 0 10 e 15 0 0 1 e 14 12LuMoLiPeKaCa.45
7063.6110 0.426 12 0 10 e 17 0 0 1 e 16 12LuMoLiPeKaCa.46
7064.1653 1.483 12 0 10 e 18 0 0 1 e 17 12LuMoLiPeKaCa.47
7064.7025 1.489 12 0 10 e 19 0 0 1 e 18 12LuMoLiPeKaCa.48
7065.2240 1.878 12 0 10 e 20 0 0 1 e 19 12LuMoLiPeKaCa.49
7065.7269 -0.212 12 0 10 e 21 0 0 1 e 20 12LuMoLiPeKaCa.50
7066.2190 3.057 12 0 10 e 22 0 0 1 e 21 12LuMoLiPeKaCa.51
7066.6919 3.326 12 0 10 e 23 0 0 1 e 22 12LuMoLiPeKaCa.52
7067.5885 3.427 12 0 10 e 25 0 0 1 e 24 12LuMoLiPeKaCa.53
7068.0101 1.249 12 0 10 e 26 0 0 1 e 25 12LuMoLiPeKaCa.54
7068.8100 2.766 12 0 10 e 28 0 0 1 e 27 12LuMoLiPeKaCa.55
7069.5398 0.079 12 0 10 e 30 0 0 1 e 29 12LuMoLiPeKaCa.56
7069.8817 0.576 12 0 10 e 31 0 0 1 e 30 12LuMoLiPeKaCa.57
7070.2047 -1.194 12 0 10 e 32 0 0 1 e 31 12LuMoLiPeKaCa.58
7070.5165 2.524 12 0 10 e 33 0 0 1 e 32 12LuMoLiPeKaCa.59
7071.0787 -1.140 12 0 10 e 35 0 0 1 e 34 12LuMoLiPeKaCa.60
7071.3343 -3.201 12 0 10 e 36 0 0 1 e 35 12LuMoLiPeKaCa.61
7072.0062 -2.442 12 0 10 e 39 0 0 1 e 38 12LuMoLiPeKaCa.62
7072.8857 -0.806 12 0 10 e 45 0 0 1 e 44 12LuMoLiPeKaCa.63
7072.9727 0.933 12 0 10 e 46 0 0 1 e 45 12LuMoLiPeKaCa.64
7073.0403 0.919 12 0 10 e 47 0 0 1 e 46 12LuMoLiPeKaCa.65
7073.0899 0.634 12 0 10 e 48 0 0 1 e 47 12LuMoLiPeKaCa.66
7073.1256 4.261 12 0 10 e 49 0 0 1 e 48 12LuMoLiPeKaCa.67
7081.5897 0.445 12 0 12 e 46 0 0 1 e 47 12LuMoLiPeKaCa.68
7085.1372 -0.820 12 0 12 e 44 0 0 1 e 45 12LuMoLiPeKaCa.69
7088.6060 -0.886 12 0 12 e 42 0 0 1 e 43 12LuMoLiPeKaCa.70
7090.3100 -1.259 12 0 12 e 41 0 0 1 e 42 12LuMoLiPeKaCa.71
7091.9917 -3.842 12 0 12 e 40 0 0 1 e 41 12LuMoLiPeKaCa.72
7095.3052 1.511 12 0 12 e 38 0 0 1 e 39 12LuMoLiPeKaCa.73
7096.9250 -2.483 12 0 12 e 37 0 0 1 e 38 12LuMoLiPeKaCa.74
7098.5282 -2.843 12 0 12 e 36 0 0 1 e 37 12LuMoLiPeKaCa.75
7100.1142 -0.137 12 0 12 e 35 0 0 1 e 36 12LuMoLiPeKaCa.76
7101.6774 0.069 12 0 12 e 34 0 0 1 e 35 12LuMoLiPeKaCa.77
7103.2229 2.908 12 0 12 e 33 0 0 1 e 34 12LuMoLiPeKaCa.78
7106.2439 -0.296 12 0 12 e 31 0 0 1 e 32 12LuMoLiPeKaCa.79
7107.7254 -0.278 12 0 12 e 30 0 0 1 e 31 12LuMoLiPeKaCa.80
7109.1871 0.392 12 0 12 e 29 0 0 1 e 30 12LuMoLiPeKaCa.81
7110.6272 -0.057 12 0 12 e 28 0 0 1 e 29 12LuMoLiPeKaCa.82
7112.0478 0.502 12 0 12 e 27 0 0 1 e 28 12LuMoLiPeKaCa.83
7112.7085 -0.698 13 1 1 e 31 1 1 1 e 32 12LuMoLiPeKaCa.84
7113.4472 0.395 12 0 12 e 26 0 0 1 e 27 12LuMoLiPeKaCa.85
7114.8263 0.548 12 0 12 e 25 0 0 1 e 26 12LuMoLiPeKaCa.86
7115.6345 -1.582 13 1 1 e 29 1 1 1 e 30 12LuMoLiPeKaCa.87
7117.0720 2.864 13 1 1 e 28 1 1 1 e 29 12LuMoLiPeKaCa.88
7118.8392 0.212 12 0 12 e 22 0 0 1 e 23 12LuMoLiPeKaCa.89
7120.1352 -0.253 12 0 12 e 21 0 0 1 e 22 12LuMoLiPeKaCa.90
7121.2457 -0.778 13 1 1 e 25 1 1 1 e 26 12LuMoLiPeKaCa.91
7121.4115 0.258 12 0 12 e 20 0 0 1 e 21 12LuMoLiPeKaCa.92
7121.5378 0.718 13 1 1 f 25 1 1 1 f 26 12LuMoLiPeKaCa.93
7123.9023 1.593 12 0 12 e 18 0 0 1 e 19 12LuMoLiPeKaCa.94
7124.1691 -3.020 13 1 1 f 23 1 1 1 f 24 12LuMoLiPeKaCa.95
7125.1146 0.257 12 0 12 e 17 0 0 1 e 18 12LuMoLiPeKaCa.96
7126.7315 1.402 13 1 1 f 21 1 1 1 f 22 12LuMoLiPeKaCa.97
7127.4795 0.170 12 0 12 e 15 0 0 1 e 16 12LuMoLiPeKaCa.98
7128.6306 -0.046 12 0 12 e 14 0 0 1 e 15 12LuMoLiPeKaCa.99
7129.2103 -0.494 13 1 1 f 19 1 1 1 f 20 12LuMoLiPeKaCa.100
7129.7606 -0.555 12 0 12 e 13 0 0 1 e 14 12LuMoLiPeKaCa.101
7134.0741 -0.730 12 0 12 e 9 0 0 1 e 10 12LuMoLiPeKaCa.102
7135.0987 -2.392 12 0 12 e 8 0 0 1 e 9 12LuMoLiPeKaCa.103
7137.0918 0.858 12 0 12 e 6 0 0 1 e 7 12LuMoLiPeKaCa.104
7137.2256 -0.004 13 1 1 e 12 1 1 1 e 13 12LuMoLiPeKaCa.105
7137.2823 0.480 13 1 1 f 12 1 1 1 f 13 12LuMoLiPeKaCa.106
7138.0542 -0.311 12 0 12 e 5 0 0 1 e 6 12LuMoLiPeKaCa.107
7139.3765 0.173 13 1 1 e 10 1 1 1 e 11 12LuMoLiPeKaCa.108
7140.4225 1.676 13 1 1 e 9 1 1 1 e 10 12LuMoLiPeKaCa.109
7140.8227 3.013 12 0 12 e 2 0 0 1 e 3 12LuMoLiPeKaCa.110
7141.4441 -0.629 13 1 1 e 8 1 1 1 e 9 12LuMoLiPeKaCa.111
7144.3943 1.498 13 1 1 e 5 1 1 1 e 6 12LuMoLiPeKaCa.112
7144.3943 -2.311 13 1 1 f 5 1 1 1 f 6 12LuMoLiPeKaCa.113
7146.2542 -0.865 13 1 1 e 3 1 1 1 e 4 12LuMoLiPeKaCa.114
7146.2542 1.146 13 1 1 f 3 1 1 1 f 4 12LuMoLiPeKaCa.115
7147.2717 -0.170 12 0 12 e 5 0 0 1 e 4 12LuMoLiPeKaCa.116
7147.9830 -1.075 12 0 12 e 6 0 0 1 e 5 12LuMoLiPeKaCa.117
7149.3439 -1.698 12 0 12 e 8 0 0 1 e 7 12LuMoLiPeKaCa.118
7150.6235 0.214 12 0 12 e 10 0 0 1 e 9 12LuMoLiPeKaCa.119
7151.2306 -0.099 12 0 12 e 11 0 0 1 e 10 12LuMoLiPeKaCa.120
7151.8167 -0.465 12 0 12 e 12 0 0 1 e 11 12LuMoLiPeKaCa.121
7152.8923 -0.745 13 1 1 f 4 1 1 1 f 3 12LuMoLiPeKaCa.122
7152.9271 -0.175 12 0 12 e 14 0 0 1 e 13 12LuMoLiPeKaCa.123
7153.4505 -0.432 12 0 12 e 15 0 0 1 e 14 12LuMoLiPeKaCa.124
7153.9543 0.632 12 0 12 e 16 0 0 1 e 15 12LuMoLiPeKaCa.125
7154.4353 -0.191 12 0 12 e 17 0 0 1 e 16 12LuMoLiPeKaCa.126
7154.8963 -0.109 12 0 12 e 18 0 0 1 e 17 12LuMoLiPeKaCa.127
7155.3365 0.066 12 0 12 e 19 0 0 1 e 18 12LuMoLiPeKaCa.128
7155.7527 -2.876 12 0 12 e 20 0 0 1 e 19 12LuMoLiPeKaCa.129
7156.1557 1.853 12 0 12 e 21 0 0 1 e 20 12LuMoLiPeKaCa.130
7156.3488 3.073 13 1 1 e 9 1 1 1 e 8 12LuMoLiPeKaCa.131
7156.5341 2.841 12 0 12 e 22 0 0 1 e 21 12LuMoLiPeKaCa.132
7157.2239 0.339 12 0 12 e 24 0 0 1 e 23 12LuMoLiPeKaCa.133
7157.5391 0.620 12 0 12 e 25 0 0 1 e 24 12LuMoLiPeKaCa.134
7157.8341 1.502 12 0 12 e 26 0 0 1 e 25 12LuMoLiPeKaCa.135
7158.1770 -1.246 13 1 1 e 12 1 1 1 e 11 12LuMoLiPeKaCa.136
7158.2742 -0.734 13 1 1 f 12 1 1 1 f 11 12LuMoLiPeKaCa.137
7158.3590 0.501 12 0 12 e 28 0 0 1 e 27 12LuMoLiPeKaCa.138
7158.4908 3.338 12 0 12 e 51 0 0 1 e 50 12LuMoLiPeKaCa.139
7158.5904 0.084 12 0 12 e 29 0 0 1 e 28 12LuMoLiPeKaCa.140
7158.8003 -1.104 12 0 12 e 30 0 0 1 e 29 12LuMoLiPeKaCa.141
7158.8592 -0.080 13 1 1 f 13 1 1 1 f 12 12LuMoLiPeKaCa.142
7158.9058 1.535 12 0 12 e 49 0 0 1 e 48 12LuMoLiPeKaCa.143
7158.9919 0.119 12 0 12 e 31 0 0 1 e 30 12LuMoLiPeKaCa.144
7159.0850 2.594 12 0 12 e 48 0 0 1 e 47 12LuMoLiPeKaCa.145
7159.1612 -0.269 12 0 12 e 32 0 0 1 e 31 12LuMoLiPeKaCa.146
7159.3097 -0.787 12 0 12 e 33 0 0 1 e 32 12LuMoLiPeKaCa.147
7159.3783 0.307 12 0 12 e 46 0 0 1 e 45 12LuMoLiPeKaCa.148
7159.4385 -0.359 12 0 12 e 34 0 0 1 e 33 12LuMoLiPeKaCa.149
7159.4956 0.229 12 0 12 e 45 0 0 1 e 44 12LuMoLiPeKaCa.150
7159.5461 -0.507 12 0 12 e 35 0 0 1 e 34 12LuMoLiPeKaCa.151
7159.5918 -0.630 12 0 12 e 44 0 0 1 e 43 12LuMoLiPeKaCa.152
7159.6322 -1.555 12 0 12 e 36 0 0 1 e 35 12LuMoLiPeKaCa.153
7159.6683 -0.837 12 0 12 e 43 0 0 1 e 42 12LuMoLiPeKaCa.154
7159.7006 0.273 12 0 12 e 37 0 0 1 e 36 12LuMoLiPeKaCa.155
7159.7278 2.338 12 0 12 e 42 0 0 1 e 41 12LuMoLiPeKaCa.156
7159.7463 -0.048 12 0 12 e 38 0 0 1 e 37 12LuMoLiPeKaCa.157
7159.7725 0.655 12 0 12 e 39 0 0 1 e 38 12LuMoLiPeKaCa.158
7159.7725 -4.345 12 0 12 e 40 0 0 1 e 39 12LuMoLiPeKaCa.159
7159.8236 -1.180 13 1 1 e 15 1 1 1 e 14 12LuMoLiPeKaCa.160
7159.9694 0.271 13 1 1 f 15 1 1 1 f 14 12LuMoLiPeKaCa.161
7161.7308 -0.259 13 1 1 e 19 1 1 1 e 18 12LuMoLiPeKaCa.162
7162.1565 0.455 13 1 1 e 20 1 1 1 e 19 12LuMoLiPeKaCa.163
7162.4010 -0.059 13 1 1 f 20 1 1 1 f 19 12LuMoLiPeKaCa.164
7162.8284 -0.411 13 1 1 f 21 1 1 1 f 20 12LuMoLiPeKaCa.165
7162.9434 -0.767 13 1 1 e 22 1 1 1 e 21 12LuMoLiPeKaCa.166
7163.2363 -0.757 13 1 1 f 22 1 1 1 f 21 12LuMoLiPeKaCa.167
7163.9735 1.629 13 1 1 e 25 1 1 1 e 24 12LuMoLiPeKaCa.168
7164.2745 1.216 13 1 1 e 26 1 1 1 e 25 12LuMoLiPeKaCa.169
7164.6736 -1.772 13 1 1 f 26 1 1 1 f 25 12LuMoLiPeKaCa.170
7164.8152 0.751 13 1 1 e 28 1 1 1 e 27 12LuMoLiPeKaCa.171
7164.9824 -3.990 13 1 1 f 27 1 1 1 f 26 12LuMoLiPeKaCa.172
7165.0533 -0.926 13 1 1 e 29 1 1 1 e 28 12LuMoLiPeKaCa.173
7165.4738 1.566 13 1 1 e 31 1 1 1 e 30 12LuMoLiPeKaCa.174
7166.2352 0.207 13 1 1 e 37 1 1 1 e 36 12LuMoLiPeKaCa.175
7166.2519 0.585 13 1 1 f 32 1 1 1 f 31 12LuMoLiPeKaCa.176
7166.3257 -0.239 13 1 1 e 39 1 1 1 e 38 12LuMoLiPeKaCa.177
7166.6237 1.315 13 1 1 f 34 1 1 1 f 33 12LuMoLiPeKaCa.178
7167.0323 -2.909 13 1 1 f 37 1 1 1 f 36 12LuMoLiPeKaCa.179
7167.1337 -0.906 13 1 1 f 38 1 1 1 f 37 12LuMoLiPeKaCa.180
7167.2150 0.043 13 1 1 f 39 1 1 1 f 38 12LuMoLiPeKaCa.181
7344.7157 -0.611 12 0 16 e 36 0 0 1 e 37 12LuMoLiPeKaCa.182
7351.1082 -1.430 12 0 16 e 31 0 0 1 e 32 12LuMoLiPeKaCa.183
7353.5683 3.819 12 0 16 e 29 0 0 1 e 30 12LuMoLiPeKaCa.184
7358.3058 0.447 12 0 16 e 25 0 0 1 e 26 12LuMoLiPeKaCa.185
7360.5940 0.408 12 0 16 e 23 0 0 1 e 24 12LuMoLiPeKaCa.186
7363.9267 0.697 12 0 16 e 20 0 0 1 e 21 12LuMoLiPeKaCa.187
7366.0836 1.337 12 0 16 e 18 0 0 1 e 19 12LuMoLiPeKaCa.188
7367.1415 0.412 12 0 16 e 17 0 0 1 e 18 12LuMoLiPeKaCa.189
7370.2403 -1.097 12 0 16 e 14 0 0 1 e 15 12LuMoLiPeKaCa.190
7371.2497 -0.008 12 0 16 e 13 0 0 1 e 14 12LuMoLiPeKaCa.191
7373.2295 0.439 12 0 16 e 11 0 0 1 e 12 12LuMoLiPeKaCa.192
7374.2009 0.676 12 0 16 e 10 0 0 1 e 11 12LuMoLiPeKaCa.193
7377.0400 -0.281 12 0 16 e 7 0 0 1 e 8 12LuMoLiPeKaCa.194
7380.6555 -1.621 12 0 16 e 3 0 0 1 e 4 12LuMoLiPeKaCa.195
7388.0916 1.371 12 0 16 e 5 0 0 1 e 4 12LuMoLiPeKaCa.196
7391.0780 -1.207 12 0 16 e 9 0 0 1 e 8 12LuMoLiPeKaCa.197
7391.7956 -0.216 12 0 16 e 10 0 0 1 e 9 12LuMoLiPeKaCa.198
7392.4993 -0.767 12 0 16 e 11 0 0 1 e 10 12LuMoLiPeKaCa.199
7395.1915 -0.676 12 0 16 e 15 0 0 1 e 14 12LuMoLiPeKaCa.200
7395.8345 0.891 12 0 16 e 16 0 0 1 e 15 12LuMoLiPeKaCa.201
7398.8478 1.032 12 0 16 e 21 0 0 1 e 20 12LuMoLiPeKaCa.202
7400.4963 0.639 12 0 16 e 24 0 0 1 e 23 12LuMoLiPeKaCa.203
7401.5281 1.425 12 0 16 e 26 0 0 1 e 25 12LuMoLiPeKaCa.204
7402.5013 -0.527 12 0 16 e 28 0 0 1 e 27 12LuMoLiPeKaCa.205
7403.4186 -1.339 12 0 16 e 30 0 0 1 e 29 12LuMoLiPeKaCa.206
7404.2784 -1.351 12 0 16 e 32 0 0 1 e 31 12LuMoLiPeKaCa.207
7404.6855 -1.879 12 0 16 e 33 0 0 1 e 32 12LuMoLiPeKaCa.208
7405.4587 1.502 12 0 16 e 35 0 0 1 e 34 12LuMoLiPeKaCa.209
7405.8192 0.178 12 0 16 e 36 0 0 1 e 35 12LuMoLiPeKaCa.210
7406.4971 1.555 12 0 16 e 38 0 0 1 e 37 12LuMoLiPeKaCa.211
7442.0873 -2.344 12 0 15 e 41 0 0 1 e 42 12LuMoLiPeKaCa.212
7443.6412 0.310 12 0 15 e 40 0 0 1 e 41 12LuMoLiPeKaCa.213
7448.1849 -1.514 12 0 15 e 37 0 0 1 e 38 12LuMoLiPeKaCa.214
7452.5676 -3.062 12 0 15 e 34 0 0 1 e 35 12LuMoLiPeKaCa.215
7453.9943 -2.158 12 0 15 e 33 0 0 1 e 34 12LuMoLiPeKaCa.216
7455.4030 -1.518 12 0 15 e 32 0 0 1 e 33 12LuMoLiPeKaCa.217
7459.5240 1.307 12 0 15 e 29 0 0 1 e 30 12LuMoLiPeKaCa.218
7460.8599 -0.314 12 0 15 e 28 0 0 1 e 29 12LuMoLiPeKaCa.219
7460.9791 0.971 14 0 1 e 41 0 0 1 e 42 12LuMoLiPeKaCa.220
7462.1814 1.205 12 0 15 e 27 0 0 1 e 28 12LuMoLiPeKaCa.221
7463.4807 -1.971 12 0 15 e 26 0 0 1 e 27 12LuMoLiPeKaCa.222
7464.1287 -1.359 14 0 1 e 39 0 0 1 e 40 12LuMoLiPeKaCa.223
7464.7680 0.325 12 0 15 e 25 0 0 1 e 26 12LuMoLiPeKaCa.224
7465.6755 -1.588 14 0 1 e 38 0 0 1 e 39 12LuMoLiPeKaCa.225
7467.2853 -0.098 12 0 15 e 23 0 0 1 e 24 12LuMoLiPeKaCa.226
7468.5194 1.224 12 0 15 e 22 0 0 1 e 23 12LuMoLiPeKaCa.227
7469.7333 -0.304 12 0 15 e 21 0 0 1 e 22 12LuMoLiPeKaCa.228
7472.1127 0.189 12 0 15 e 19 0 0 1 e 20 12LuMoLiPeKaCa.229
7473.2756 -0.441 12 0 15 e 18 0 0 1 e 19 12LuMoLiPeKaCa.230
7475.5506 -0.762 12 0 15 e 16 0 0 1 e 17 12LuMoLiPeKaCa.231
7477.3675 -1.736 14 0 1 e 30 0 0 1 e 31 12LuMoLiPeKaCa.232
7477.7589 1.066 12 0 15 e 14 0 0 1 e 15 12LuMoLiPeKaCa.233
7479.8958 0.204 12 0 15 e 12 0 0 1 e 13 12LuMoLiPeKaCa.234
7480.1044 -0.478 14 0 1 e 28 0 0 1 e 29 12LuMoLiPeKaCa.235
7480.9387 -0.049 12 0 15 e 11 0 0 1 e 12 12LuMoLiPeKaCa.236
7481.4453 0.353 14 0 1 e 27 0 0 1 e 28 12LuMoLiPeKaCa.237
7482.9732 -0.460 12 0 15 e 9 0 0 1 e 10 12LuMoLiPeKaCa.238
7484.9409 0.786 12 0 15 e 7 0 0 1 e 8 12LuMoLiPeKaCa.239
7485.8986 0.910 12 0 15 e 6 0 0 1 e 7 12LuMoLiPeKaCa.240
7486.6190 -2.534 14 0 1 e 23 0 0 1 e 24 12LuMoLiPeKaCa.241
7486.8394 1.228 12 0 15 e 5 0 0 1 e 6 12LuMoLiPeKaCa.242
7487.7605 -1.066 12 0 15 e 4 0 0 1 e 5 12LuMoLiPeKaCa.243
7487.8711 1.081 14 0 1 e 22 0 0 1 e 23 12LuMoLiPeKaCa.244
7488.6664 -1.473 12 0 15 e 3 0 0 1 e 4 12LuMoLiPeKaCa.245
7490.3134 0.869 14 0 1 e 20 0 0 1 e 21 12LuMoLiPeKaCa.246
7490.4292 -0.034 12 0 15 e 1 0 0 1 e 2 12LuMoLiPeKaCa.247
7491.5086 1.956 14 0 1 e 19 0 0 1 e 20 12LuMoLiPeKaCa.248
7492.6836 0.883 14 0 1 e 18 0 0 1 e 19 12LuMoLiPeKaCa.249
7493.7484 1.510 12 0 15 e 2 0 0 1 e 1 12LuMoLiPeKaCa.250
7493.8419 1.113 14 0 1 e 17 0 0 1 e 18 12LuMoLiPeKaCa.251
7494.5326 -0.954 12 0 15 e 3 0 0 1 e 2 12LuMoLiPeKaCa.252
7494.9822 1.311 14 0 1 e 16 0 0 1 e 17 12LuMoLiPeKaCa.253
7495.3029 -0.205 12 0 15 e 4 0 0 1 e 3 12LuMoLiPeKaCa.254
7496.0550 -0.532 12 0 15 e 5 0 0 1 e 4 12LuMoLiPeKaCa.255
7496.1040 0.943 14 0 1 e 15 0 0 1 e 16 12LuMoLiPeKaCa.256
7496.7903 -0.523 12 0 15 e 6 0 0 1 e 5 12LuMoLiPeKaCa.257
7497.2081 0.778 14 0 1 e 14 0 0 1 e 15 12LuMoLiPeKaCa.258
7497.5077 -1.266 12 0 15 e 7 0 0 1 e 6 12LuMoLiPeKaCa.259
7498.2103 0.354 12 0 15 e 8 0 0 1 e 7 12LuMoLiPeKaCa.260
7499.3631 0.841 14 0 1 e 12 0 0 1 e 13 12LuMoLiPeKaCa.261
7499.5602 -0.158 12 0 15 e 10 0 0 1 e 9 12LuMoLiPeKaCa.262
7500.2102 0.445 12 0 15 e 11 0 0 1 e 10 12LuMoLiPeKaCa.263
7500.4136 0.619 14 0 1 e 11 0 0 1 e 12 12LuMoLiPeKaCa.264
7500.8425 0.582 12 0 15 e 12 0 0 1 e 11 12LuMoLiPeKaCa.265
7501.4468 0.897 14 0 1 e 10 0 0 1 e 11 12LuMoLiPeKaCa.266
7501.4544 -2.429 12 0 15 e 13 0 0 1 e 12 12LuMoLiPeKaCa.267
7502.4611 0.055 14 0 1 e 9 0 0 1 e 10 12LuMoLiPeKaCa.268
7502.6331 -1.698 12 0 15 e 15 0 0 1 e 14 12LuMoLiPeKaCa.269
7503.1997 1.892 12 0 15 e 16 0 0 1 e 15 12LuMoLiPeKaCa.270
7503.4576 -0.826 14 0 1 e 8 0 0 1 e 9 12LuMoLiPeKaCa.271
7503.7444 0.935 12 0 15 e 17 0 0 1 e 16 12LuMoLiPeKaCa.272
7504.2719 0.156 12 0 15 e 18 0 0 1 e 17 12LuMoLiPeKaCa.273
7504.4381 0.040 14 0 1 e 7 0 0 1 e 8 12LuMoLiPeKaCa.274
7504.7826 -0.012 12 0 15 e 19 0 0 1 e 18 12LuMoLiPeKaCa.275
7505.2749 -1.141 12 0 15 e 20 0 0 1 e 19 12LuMoLiPeKaCa.276
7505.4003 0.339 14 0 1 e 6 0 0 1 e 7 12LuMoLiPeKaCa.277
7505.7527 0.703 12 0 15 e 21 0 0 1 e 20 12LuMoLiPeKaCa.278
7506.2105 0.052 12 0 15 e 22 0 0 1 e 21 12LuMoLiPeKaCa.279
7506.3448 0.660 14 0 1 e 5 0 0 1 e 6 12LuMoLiPeKaCa.280
7506.6516 0.244 12 0 15 e 23 0 0 1 e 22 12LuMoLiPeKaCa.281
7507.0758 1.112 12 0 15 e 24 0 0 1 e 23 12LuMoLiPeKaCa.282
7507.2697 -0.907 14 0 1 e 4 0 0 1 e 5 12LuMoLiPeKaCa.283
7507.8687 0.236 12 0 15 e 26 0 0 1 e 25 12LuMoLiPeKaCa.284
7508.2390 0.172 12 0 15 e 27 0 0 1 e 26 12LuMoLiPeKaCa.285
7508.5906 -0.856 12 0 15 e 28 0 0 1 e 27 12LuMoLiPeKaCa.286
7508.9267 0.399 12 0 15 e 29 0 0 1 e 28 12LuMoLiPeKaCa.287
7509.0691 -1.329 14 0 1 e 2 0 0 1 e 3 12LuMoLiPeKaCa.288
7509.2403 -3.021 12 0 15 e 30 0 0 1 e 29 12LuMoLiPeKaCa.289
7509.5407 -1.768 12 0 15 e 31 0 0 1 e 30 12LuMoLiPeKaCa.290
7509.8220 -1.695 12 0 15 e 32 0 0 1 e 31 12LuMoLiPeKaCa.291
7510.0865 -0.453 12 0 15 e 33 0 0 1 e 32 12LuMoLiPeKaCa.292
7510.3296 -2.591 12 0 15 e 34 0 0 1 e 33 12LuMoLiPeKaCa.293
7510.7694 1.003 12 0 15 e 36 0 0 1 e 35 12LuMoLiPeKaCa.294
7510.9602 0.942 12 0 15 e 37 0 0 1 e 36 12LuMoLiPeKaCa.295
7511.1327 0.817 12 0 15 e 38 0 0 1 e 37 12LuMoLiPeKaCa.296
7511.5410 1.240 12 0 15 e 41 0 0 1 e 40 12LuMoLiPeKaCa.297
7511.6394 0.549 12 0 15 e 42 0 0 1 e 41 12LuMoLiPeKaCa.298
7511.8541 -0.831 12 0 15 e 47 0 0 1 e 46 12LuMoLiPeKaCa.299
7515.5598 -1.699 14 0 1 e 5 0 0 1 e 4 12LuMoLiPeKaCa.300
7516.2990 5.907 14 0 1 e 6 0 0 1 e 5 12LuMoLiPeKaCa.301
7517.0063 -0.611 14 0 1 e 7 0 0 1 e 6 12LuMoLiPeKaCa.302
7517.7028 -0.132 14 0 1 e 8 0 0 1 e 7 12LuMoLiPeKaCa.303
7518.3770 -4.135 14 0 1 e 9 0 0 1 e 8 12LuMoLiPeKaCa.304
7518.9957 1.273 12 0 16 e 39 0 0 1 e 40 12LuMoLiPeKaCa.305
7519.0398 -1.695 14 0 1 e 10 0 0 1 e 9 12LuMoLiPeKaCa.306
7520.3084 -0.181 14 0 1 e 12 0 0 1 e 11 12LuMoLiPeKaCa.307
7520.5648 0.239 12 0 16 e 38 0 0 1 e 39 12LuMoLiPeKaCa.308
7520.9146 -0.647 14 0 1 e 13 0 0 1 e 12 12LuMoLiPeKaCa.309
7521.5037 -0.252 14 0 1 e 14 0 0 1 e 13 12LuMoLiPeKaCa.310
7522.0743 -0.360 14 0 1 e 15 0 0 1 e 14 12LuMoLiPeKaCa.311
7522.1167 -0.574 12 0 16 e 37 0 0 1 e 38 12LuMoLiPeKaCa.312
7522.6280 0.666 14 0 1 e 16 0 0 1 e 15 12LuMoLiPeKaCa.313
7523.6785 0.080 14 0 1 e 18 0 0 1 e 17 12LuMoLiPeKaCa.314
7524.6577 0.835 14 0 1 e 20 0 0 1 e 19 12LuMoLiPeKaCa.315
7525.5624 0.110 14 0 1 e 22 0 0 1 e 21 12LuMoLiPeKaCa.316
7525.9879 0.408 14 0 1 e 23 0 0 1 e 22 12LuMoLiPeKaCa.317
7526.7822 -0.398 14 0 1 e 25 0 0 1 e 24 12LuMoLiPeKaCa.318
7527.1518 -0.586 14 0 1 e 26 0 0 1 e 25 12LuMoLiPeKaCa.319
7527.8355 -0.620 14 0 1 e 28 0 0 1 e 27 12LuMoLiPeKaCa.320
7528.1492 -0.737 14 0 1 e 29 0 0 1 e 28 12LuMoLiPeKaCa.321
7528.4434 -1.562 14 0 1 e 30 0 0 1 e 29 12LuMoLiPeKaCa.322
7528.7209 -0.226 14 0 1 e 31 0 0 1 e 30 12LuMoLiPeKaCa.323
7528.9774 -0.956 14 0 1 e 32 0 0 1 e 31 12LuMoLiPeKaCa.324
7529.4365 0.791 14 0 1 e 34 0 0 1 e 33 12LuMoLiPeKaCa.325
7529.6159 -0.097 12 0 16 e 32 0 0 1 e 33 12LuMoLiPeKaCa.326
7529.6346 -1.075 14 0 1 e 35 0 0 1 e 34 12LuMoLiPeKaCa.327
7529.8173 0.907 14 0 1 e 36 0 0 1 e 35 12LuMoLiPeKaCa.328
7530.1201 0.353 14 0 1 e 38 0 0 1 e 37 12LuMoLiPeKaCa.329
7530.2442 1.992 14 0 1 e 39 0 0 1 e 38 12LuMoLiPeKaCa.330
7530.3469 1.829 14 0 1 e 40 0 0 1 e 39 12LuMoLiPeKaCa.331
7530.4271 -1.144 14 0 1 e 41 0 0 1 e 40 12LuMoLiPeKaCa.332
7530.4946 2.968 14 0 1 e 42 0 0 1 e 41 12LuMoLiPeKaCa.333
7531.0618 -0.304 12 0 16 e 31 0 0 1 e 32 12LuMoLiPeKaCa.334
7532.4899 -0.222 12 0 16 e 30 0 0 1 e 31 12LuMoLiPeKaCa.335
7533.8991 -0.864 12 0 16 e 29 0 0 1 e 30 12LuMoLiPeKaCa.336
7536.6640 -0.798 12 0 16 e 27 0 0 1 e 28 12LuMoLiPeKaCa.337
7539.3565 0.524 12 0 16 e 25 0 0 1 e 26 12LuMoLiPeKaCa.338
7540.4930 1.827 15 1 3 e 51 1 1 1 e 52 12LuMoLiPeKaCa.339
7542.5154 -0.235 15 1 3 e 50 1 1 1 e 51 12LuMoLiPeKaCa.340
7543.2526 -0.766 12 0 16 e 22 0 0 1 e 23 12LuMoLiPeKaCa.341
7544.5151 0.041 12 0 16 e 21 0 0 1 e 22 12LuMoLiPeKaCa.342
7544.5151 -1.933 15 1 3 e 49 1 1 1 e 50 12LuMoLiPeKaCa.343
7548.1887 1.736 12 0 16 e 18 0 0 1 e 19 12LuMoLiPeKaCa.344
7548.4557 5.096 15 1 3 e 47 1 1 1 e 48 12LuMoLiPeKaCa.345
7550.3550 2.795 15 1 3 f 46 1 1 1 f 47 12LuMoLiPeKaCa.346
7550.5410 0.969 12 0 16 e 16 0 0 1 e 17 12LuMoLiPeKaCa.347
7551.6894 1.449 12 0 16 e 15 0 0 1 e 16 12LuMoLiPeKaCa.348
7552.2588 -1.727 15 1 3 f 45 1 1 1 f 46 12LuMoLiPeKaCa.349
7553.9264 0.069 12 0 16 e 13 0 0 1 e 14 12LuMoLiPeKaCa.350
7555.0156 -1.108 12 0 16 e 12 0 0 1 e 13 12LuMoLiPeKaCa.351
7556.0098 1.700 15 1 3 f 43 1 1 1 f 44 12LuMoLiPeKaCa.352
7556.0416 1.025 15 1 3 e 43 1 1 1 e 44 12LuMoLiPeKaCa.353
7557.1409 1.256 12 0 16 e 10 0 0 1 e 11 12LuMoLiPeKaCa.354
7558.1717 -0.435 12 0 16 e 9 0 0 1 e 10 12LuMoLiPeKaCa.355
7559.1861 0.834 12 0 16 e 8 0 0 1 e 9 12LuMoLiPeKaCa.356
7560.1786 -0.411 12 0 16 e 7 0 0 1 e 8 12LuMoLiPeKaCa.357
7561.1528 -0.543 12 0 16 e 6 0 0 1 e 7 12LuMoLiPeKaCa.358
7563.0461 2.417 12 0 16 e 4 0 0 1 e 5 12LuMoLiPeKaCa.359
7563.0461 -2.831 14 0 3 e 57 0 0 1 e 58 12LuMoLiPeKaCa.360
7563.2283 1.661 15 1 3 f 39 1 1 1 f 40 12LuMoLiPeKaCa.361
7563.2626 2.098 15 1 3 e 39 1 1 1 e 40 12LuMoLiPeKaCa.362
7563.9588 -0.854 12 0 16 e 3 0 0 1 e 4 12LuMoLiPeKaCa.363
7565.0059 -1.698 15 1 3 e 38 1 1 1 e 39 12LuMoLiPeKaCa.364
7565.2316 -0.235 14 0 3 e 56 0 0 1 e 57 12LuMoLiPeKaCa.365
7567.3917 0.356 14 0 3 e 55 0 0 1 e 56 12LuMoLiPeKaCa.366
7568.4285 -3.768 15 1 3 e 36 1 1 1 e 37 12LuMoLiPeKaCa.367
7569.0448 -1.132 12 0 16 e 2 0 0 1 e 1 12LuMoLiPeKaCa.368
7569.5262 -1.251 14 0 3 e 54 0 0 1 e 55 12LuMoLiPeKaCa.369
7570.0770 1.217 15 1 3 f 35 1 1 1 f 36 12LuMoLiPeKaCa.370
7570.1093 -0.526 15 1 3 e 35 1 1 1 e 36 12LuMoLiPeKaCa.371
7570.5851 -0.123 12 0 16 e 4 0 0 1 e 3 12LuMoLiPeKaCa.372
7571.3248 -0.800 12 0 16 e 5 0 0 1 e 4 12LuMoLiPeKaCa.373
7571.7287 -1.572 15 1 3 f 34 1 1 1 f 35 12LuMoLiPeKaCa.374
7571.7645 0.312 15 1 3 e 34 1 1 1 e 35 12LuMoLiPeKaCa.375
7572.7509 3.038 12 0 16 e 7 0 0 1 e 6 12LuMoLiPeKaCa.376
7573.3632 1.578 15 1 3 f 33 1 1 1 f 34 12LuMoLiPeKaCa.377
7573.3942 -1.146 15 1 3 e 33 1 1 1 e 34 12LuMoLiPeKaCa.378
7573.4306 0.827 12 0 16 e 8 0 0 1 e 7 12LuMoLiPeKaCa.379
7573.7303 0.877 14 0 3 e 52 0 0 1 e 53 12LuMoLiPeKaCa.380
7574.7343 -0.936 12 0 16 e 10 0 0 1 e 9 12LuMoLiPeKaCa.381
7575.3588 -0.030 12 0 16 e 11 0 0 1 e 10 12LuMoLiPeKaCa.382
7576.5516 -3.266 15 1 3 f 31 1 1 1 f 32 12LuMoLiPeKaCa.383
7578.1165 -0.240 15 1 3 f 30 1 1 1 f 31 12LuMoLiPeKaCa.384
7578.1500 0.481 15 1 3 e 30 1 1 1 e 31 12LuMoLiPeKaCa.385
7578.1874 0.924 12 0 16 e 16 0 0 1 e 15 12LuMoLiPeKaCa.386
7579.6542 -1.238 15 1 3 f 29 1 1 1 f 30 12LuMoLiPeKaCa.387
7579.6882 0.417 15 1 3 e 29 1 1 1 e 30 12LuMoLiPeKaCa.388
7579.8554 -1.249 14 0 3 e 49 0 0 1 e 50 12LuMoLiPeKaCa.389
7580.1032 0.938 12 0 16 e 20 0 0 1 e 19 12LuMoLiPeKaCa.390
7580.9460 0.363 12 0 16 e 22 0 0 1 e 21 12LuMoLiPeKaCa.391
7581.1714 0.451 15 1 3 f 28 1 1 1 f 29 12LuMoLiPeKaCa.392
7581.3392 0.330 12 0 16 e 23 0 0 1 e 22 12LuMoLiPeKaCa.393
7582.4051 -0.324 12 0 16 e 26 0 0 1 e 25 12LuMoLiPeKaCa.394
7582.6950 0.423 15 1 3 e 27 1 1 1 e 28 12LuMoLiPeKaCa.395
7582.7230 -0.432 12 0 16 e 27 0 0 1 e 26 12LuMoLiPeKaCa.396
7583.3028 -0.773 12 0 16 e 29 0 0 1 e 28 12LuMoLiPeKaCa.397
7583.8245 0.284 14 0 3 e 47 0 0 1 e 48 12LuMoLiPeKaCa.398
7584.0354 0.226 12 0 16 e 32 0 0 1 e 31 12LuMoLiPeKaCa.399
7584.1327 0.325 15 1 3 f 26 1 1 1 f 27 12LuMoLiPeKaCa.400
7584.1664 3.307 15 1 3 e 26 1 1 1 e 27 12LuMoLiPeKaCa.401
7584.7547 -0.474 12 0 16 e 36 0 0 1 e 35 12LuMoLiPeKaCa.402
7585.5786 0.328 15 1 3 f 25 1 1 1 f 26 12LuMoLiPeKaCa.403
7585.6099 1.556 15 1 3 e 25 1 1 1 e 26 12LuMoLiPeKaCa.404
7587.0000 -0.948 15 1 3 f 24 1 1 1 f 25 12LuMoLiPeKaCa.405
7587.0300 -0.324 15 1 3 e 24 1 1 1 e 25 12LuMoLiPeKaCa.406
7587.6985 0.593 14 0 3 e 45 0 0 1 e 46 12LuMoLiPeKaCa.407
7588.4280 -1.026 15 1 3 e 23 1 1 1 e 24 12LuMoLiPeKaCa.408
7589.5996 0.071 14 0 3 e 44 0 0 1 e 45 12LuMoLiPeKaCa.409
7591.1287 -0.863 15 1 3 f 21 1 1 1 f 22 12LuMoLiPeKaCa.410
7591.1569 0.333 15 1 3 e 21 1 1 1 e 22 12LuMoLiPeKaCa.411
7591.4786 0.941 14 0 3 e 43 0 0 1 e 44 12LuMoLiPeKaCa.412
7592.4588 -0.471 15 1 3 f 20 1 1 1 f 21 12LuMoLiPeKaCa.413
7592.4861 0.706 15 1 3 e 20 1 1 1 e 21 12LuMoLiPeKaCa.414
7593.3319 -0.389 14 0 3 e 42 0 0 1 e 43 12LuMoLiPeKaCa.415
7593.7654 -0.316 15 1 3 f 19 1 1 1 f 20 12LuMoLiPeKaCa.416
7593.7918 0.885 15 1 3 e 19 1 1 1 e 20 12LuMoLiPeKaCa.417
7595.0742 1.075 15 1 3 e 18 1 1 1 e 19 12LuMoLiPeKaCa.418
7595.1624 -1.011 14 0 3 e 41 0 0 1 e 42 12LuMoLiPeKaCa.419
7596.3302 -1.818 15 1 3 e 17 1 1 1 e 18 12LuMoLiPeKaCa.420
7596.9706 -0.418 14 0 3 e 40 0 0 1 e 41 12LuMoLiPeKaCa.421
7597.5425 -2.906 15 1 3 f 16 1 1 1 f 17 12LuMoLiPeKaCa.422
7597.5683 0.713 15 1 3 e 16 1 1 1 e 17 12LuMoLiPeKaCa.423
7598.7562 1.098 14 0 3 e 39 0 0 1 e 40 12LuMoLiPeKaCa.424
7598.7800 0.175 15 1 3 e 15 1 1 1 e 16 12LuMoLiPeKaCa.425
7599.9483 -0.456 15 1 3 f 14 1 1 1 f 15 12LuMoLiPeKaCa.426
7599.9690 0.272 15 1 3 e 14 1 1 1 e 15 12LuMoLiPeKaCa.427
7600.5152 -0.455 14 0 3 e 38 0 0 1 e 39 12LuMoLiPeKaCa.428
7601.1155 0.023 15 1 3 f 13 1 1 1 f 14 12LuMoLiPeKaCa.429
7601.1348 0.511 15 1 3 e 13 1 1 1 e 14 12LuMoLiPeKaCa.430
7602.2539 1.228 14 0 3 e 37 0 0 1 e 38 12LuMoLiPeKaCa.431
7602.2758 -0.703 15 1 3 e 12 1 1 1 e 13 12LuMoLiPeKaCa.432
7603.3795 0.522 15 1 3 f 11 1 1 1 f 12 12LuMoLiPeKaCa.433
7603.3954 0.037 15 1 3 e 11 1 1 1 e 12 12LuMoLiPeKaCa.434
7604.4761 0.354 15 1 3 f 10 1 1 1 f 11 12LuMoLiPeKaCa.435
7604.4902 -0.664 15 1 3 e 10 1 1 1 e 11 12LuMoLiPeKaCa.436
7605.5490 -0.184 15 1 3 f 9 1 1 1 f 10 12LuMoLiPeKaCa.437
7605.5613 -1.701 15 1 3 e 9 1 1 1 e 10 12LuMoLiPeKaCa.438
7605.6557 -0.363 14 0 3 e 35 0 0 1 e 36 12LuMoLiPeKaCa.439
7606.6006 1.315 15 1 3 f 8 1 1 1 f 9 12LuMoLiPeKaCa.440
7606.6100 -1.768 15 1 3 e 8 1 1 1 e 9 12LuMoLiPeKaCa.441
7607.3219 -0.524 14 0 3 e 34 0 0 1 e 35 12LuMoLiPeKaCa.442
7607.6309 4.855 15 1 3 f 7 1 1 1 f 8 12LuMoLiPeKaCa.443
7607.6361 -1.060 15 1 3 e 7 1 1 1 e 8 12LuMoLiPeKaCa.444
7608.6351 -4.073 15 1 3 e 6 1 1 1 e 7 12LuMoLiPeKaCa.445
7608.6351 5.643 15 1 3 f 6 1 1 1 f 7 12LuMoLiPeKaCa.446
7608.9644 -0.819 14 0 3 e 33 0 0 1 e 34 12LuMoLiPeKaCa.447
7609.6162 -1.600 15 1 3 e 5 1 1 1 e 6 12LuMoLiPeKaCa.448
7609.6162 6.684 15 1 3 f 5 1 1 1 f 6 12LuMoLiPeKaCa.449
7610.5844 -0.042 14 0 3 e 32 0 0 1 e 33 12LuMoLiPeKaCa.450
7611.5020 -2.880 15 1 3 e 3 1 1 1 e 4 12LuMoLiPeKaCa.451
7611.5020 2.445 15 1 3 f 3 1 1 1 f 4 12LuMoLiPeKaCa.452
7612.1805 0.415 14 0 3 e 31 0 0 1 e 32 12LuMoLiPeKaCa.453
7613.7518 -0.341 14 0 3 e 30 0 0 1 e 31 12LuMoLiPeKaCa.454
7616.8255 0.031 14 0 3 e 28 0 0 1 e 29 12LuMoLiPeKaCa.455
7617.3747 2.360 15 1 3 e 3 1 1 1 e 2 12LuMoLiPeKaCa.456
7617.3747 -3.651 15 1 3 f 3 1 1 1 f 2 12LuMoLiPeKaCa.457
7618.3270 0.273 14 0 3 e 27 0 0 1 e 28 12LuMoLiPeKaCa.458
7618.8412 3.247 15 1 3 e 5 1 1 1 e 4 12LuMoLiPeKaCa.459
7618.8412 -6.282 15 1 3 f 5 1 1 1 f 4 12LuMoLiPeKaCa.460
7619.5413 5.695 15 1 3 e 6 1 1 1 e 5 12LuMoLiPeKaCa.461
7619.5413 -5.641 15 1 3 f 6 1 1 1 f 5 12LuMoLiPeKaCa.462
7619.8029 -1.472 14 0 3 e 26 0 0 1 e 27 12LuMoLiPeKaCa.463
7620.2130 3.183 15 1 3 e 7 1 1 1 e 6 12LuMoLiPeKaCa.464
7620.2188 -4.190 15 1 3 f 7 1 1 1 f 6 12LuMoLiPeKaCa.465
7620.8750 -0.628 15 1 3 f 8 1 1 1 f 7 12LuMoLiPeKaCa.466
7621.2581 -0.299 14 0 3 e 25 0 0 1 e 26 12LuMoLiPeKaCa.467
7621.4893 1.395 15 1 3 e 9 1 1 1 e 8 12LuMoLiPeKaCa.468
7621.5024 -2.451 15 1 3 f 9 1 1 1 f 8 12LuMoLiPeKaCa.469
7622.0935 1.727 15 1 3 e 10 1 1 1 e 9 12LuMoLiPeKaCa.470
7622.6891 0.300 14 0 3 e 24 0 0 1 e 25 12LuMoLiPeKaCa.471
7623.7629 0.259 15 1 3 e 13 1 1 1 e 12 12LuMoLiPeKaCa.472
7623.7871 -0.437 15 1 3 f 13 1 1 1 f 12 12LuMoLiPeKaCa.473
7624.0956 0.030 14 0 3 e 23 0 0 1 e 24 12LuMoLiPeKaCa.474
7624.7598 0.559 15 1 3 e 15 1 1 1 e 14 12LuMoLiPeKaCa.475
7624.7884 0.077 15 1 3 f 15 1 1 1 f 14 12LuMoLiPeKaCa.476
7625.2223 -0.040 15 1 3 e 16 1 1 1 e 15 12LuMoLiPeKaCa.477
7625.2531 -0.470 15 1 3 f 16 1 1 1 f 15 12LuMoLiPeKaCa.478
7625.4786 -0.102 14 0 3 e 22 0 0 1 e 23 12LuMoLiPeKaCa.479
7625.6956 0.217 15 1 3 f 17 1 1 1 f 16 12LuMoLiPeKaCa.480
7626.0786 0.480 15 1 3 e 18 1 1 1 e 17 12LuMoLiPeKaCa.481
7626.1144 0.638 15 1 3 f 18 1 1 1 f 17 12LuMoLiPeKaCa.482
7626.4702 -0.596 15 1 3 e 19 1 1 1 e 18 12LuMoLiPeKaCa.483
7626.5081 -0.605 15 1 3 f 19 1 1 1 f 18 12LuMoLiPeKaCa.484
7626.8389 0.708 14 0 3 e 21 0 0 1 e 22 12LuMoLiPeKaCa.485
7626.8815 1.290 15 1 3 f 20 1 1 1 f 19 12LuMoLiPeKaCa.486
7627.1305 2.920 15 1 3 f 50 1 1 1 f 49 12LuMoLiPeKaCa.487
7627.1859 0.188 15 1 3 e 21 1 1 1 e 20 12LuMoLiPeKaCa.488
7627.2272 -1.076 15 1 3 f 21 1 1 1 f 20 12LuMoLiPeKaCa.489
7627.5533 0.397 15 1 3 f 22 1 1 1 f 21 12LuMoLiPeKaCa.490
7627.8531 -0.991 15 1 3 f 23 1 1 1 f 22 12LuMoLiPeKaCa.491
7628.0819 -0.061 15 1 3 e 24 1 1 1 e 23 12LuMoLiPeKaCa.492
7628.1325 0.663 15 1 3 f 24 1 1 1 f 23 12LuMoLiPeKaCa.493
7628.1739 -0.131 14 0 3 e 20 0 0 1 e 21 12LuMoLiPeKaCa.494
7628.1976 4.279 15 1 3 e 46 1 1 1 e 45 12LuMoLiPeKaCa.495
7628.3338 0.063 15 1 3 e 25 1 1 1 e 24 12LuMoLiPeKaCa.496
7628.3869 0.758 15 1 3 f 25 1 1 1 f 24 12LuMoLiPeKaCa.497
7628.6172 0.193 15 1 3 f 26 1 1 1 f 25 12LuMoLiPeKaCa.498
7628.8246 0.171 15 1 3 f 27 1 1 1 f 26 12LuMoLiPeKaCa.499
7628.8447 -3.183 15 1 3 e 43 1 1 1 e 42 12LuMoLiPeKaCa.500
7628.9476 -0.519 15 1 3 e 28 1 1 1 e 27 12LuMoLiPeKaCa.501
7629.0099 1.489 15 1 3 f 28 1 1 1 f 27 12LuMoLiPeKaCa.502
7629.1065 0.574 15 1 3 e 29 1 1 1 e 28 12LuMoLiPeKaCa.503
7629.1207 -2.549 15 1 3 f 42 1 1 1 f 41 12LuMoLiPeKaCa.504
7629.1697 2.946 15 1 3 e 41 1 1 1 e 40 12LuMoLiPeKaCa.505
7629.1697 0.749 15 1 3 f 29 1 1 1 f 28 12LuMoLiPeKaCa.506
7629.3041 -1.951 15 1 3 f 30 1 1 1 f 29 12LuMoLiPeKaCa.507
7629.3505 -0.555 15 1 3 e 31 1 1 1 e 30 12LuMoLiPeKaCa.508
7629.3900 -1.620 15 1 3 e 39 1 1 1 e 38 12LuMoLiPeKaCa.509
7629.3900 1.981 15 1 3 f 40 1 1 1 f 39 12LuMoLiPeKaCa.510
7629.4204 0.689 15 1 3 f 31 1 1 1 f 30 12LuMoLiPeKaCa.511
7629.4393 0.926 15 1 3 e 32 1 1 1 e 31 12LuMoLiPeKaCa.512
7629.5586 -0.738 15 1 3 e 35 1 1 1 e 34 12LuMoLiPeKaCa.513
7629.5586 -0.489 15 1 3 f 38 1 1 1 f 37 12LuMoLiPeKaCa.514
7629.5734 -3.313 15 1 3 f 33 1 1 1 f 32 12LuMoLiPeKaCa.515
7629.6181 -1.957 15 1 3 f 34 1 1 1 f 33 12LuMoLiPeKaCa.516
7629.6397 -0.266 15 1 3 f 35 1 1 1 f 34 12LuMoLiPeKaCa.517
7629.6397 3.261 15 1 3 f 36 1 1 1 f 35 12LuMoLiPeKaCa.518
7630.7752 0.462 14 0 3 e 18 0 0 1 e 19 12LuMoLiPeKaCa.519
7632.0378 -1.794 14 0 3 e 17 0 0 1 e 18 12LuMoLiPeKaCa.520
7633.2814 0.622 14 0 3 e 16 0 0 1 e 17 12LuMoLiPeKaCa.521
7634.4985 0.216 14 0 3 e 15 0 0 1 e 16 12LuMoLiPeKaCa.522
7635.6925 0.394 14 0 3 e 14 0 0 1 e 15 12LuMoLiPeKaCa.523
7636.8626 0.361 14 0 3 e 13 0 0 1 e 14 12LuMoLiPeKaCa.524
7638.0088 0.123 14 0 3 e 12 0 0 1 e 13 12LuMoLiPeKaCa.525
7639.1316 0.184 14 0 3 e 11 0 0 1 e 12 12LuMoLiPeKaCa.526
7640.2309 0.449 14 0 3 e 10 0 0 1 e 11 12LuMoLiPeKaCa.527
7642.3577 0.315 14 0 3 e 8 0 0 1 e 9 12LuMoLiPeKaCa.528
7643.3848 -0.474 14 0 3 e 7 0 0 1 e 8 12LuMoLiPeKaCa.529
7644.3896 0.161 14 0 3 e 6 0 0 1 e 7 12LuMoLiPeKaCa.530
7645.3702 0.325 14 0 3 e 5 0 0 1 e 6 12LuMoLiPeKaCa.531
7646.3262 -0.377 14 0 3 e 4 0 0 1 e 5 12LuMoLiPeKaCa.532
7647.2594 -0.139 14 0 3 e 3 0 0 1 e 4 12LuMoLiPeKaCa.533
7648.1688 0.041 14 0 3 e 2 0 0 1 e 3 12LuMoLiPeKaCa.534
7649.0555 1.270 14 0 3 e 1 0 0 1 e 2 12LuMoLiPeKaCa.535
7652.3590 0.448 14 0 3 e 2 0 0 1 e 1 12LuMoLiPeKaCa.536
7653.8682 0.084 14 0 3 e 4 0 0 1 e 3 12LuMoLiPeKaCa.537
7654.5862 -1.034 14 0 3 e 5 0 0 1 e 4 12LuMoLiPeKaCa.538
7655.2822 -0.372 14 0 3 e 6 0 0 1 e 5 12LuMoLiPeKaCa.539
7655.9543 0.174 14 0 3 e 7 0 0 1 e 6 12LuMoLiPeKaCa.540
7656.6018 -0.091 14 0 3 e 8 0 0 1 e 7 12LuMoLiPeKaCa.541
7657.2255 -0.364 14 0 3 e 9 0 0 1 e 8 12LuMoLiPeKaCa.542
7657.8265 0.457 14 0 3 e 10 0 0 1 e 9 12LuMoLiPeKaCa.543
7658.4024 -0.022 14 0 3 e 11 0 0 1 e 10 12LuMoLiPeKaCa.544
7658.9553 0.301 14 0 3 e 12 0 0 1 e 11 12LuMoLiPeKaCa.545
7659.4840 0.229 14 0 3 e 13 0 0 1 e 12 12LuMoLiPeKaCa.546
7660.1676 3.502 14 0 3 e 55 0 0 1 e 54 12LuMoLiPeKaCa.547
7660.4702 0.313 14 0 3 e 15 0 0 1 e 14 12LuMoLiPeKaCa.548
7660.9272 -0.023 14 0 3 e 16 0 0 1 e 15 12LuMoLiPeKaCa.549
7661.3597 -1.043 14 0 3 e 17 0 0 1 e 16 12LuMoLiPeKaCa.550
7661.5134 1.972 14 0 3 e 52 0 0 1 e 51 12LuMoLiPeKaCa.551
7661.7688 -1.641 14 0 3 e 18 0 0 1 e 17 12LuMoLiPeKaCa.552
7661.9121 -0.693 14 0 3 e 51 0 0 1 e 50 12LuMoLiPeKaCa.553
7662.1565 0.184 14 0 3 e 19 0 0 1 e 18 12LuMoLiPeKaCa.554
7662.5174 -0.965 14 0 3 e 20 0 0 1 e 19 12LuMoLiPeKaCa.555
7662.6425 -1.406 14 0 3 e 49 0 0 1 e 48 12LuMoLiPeKaCa.556
7662.8568 0.215 14 0 3 e 21 0 0 1 e 20 12LuMoLiPeKaCa.557
7662.9768 3.146 14 0 3 e 48 0 0 1 e 47 12LuMoLiPeKaCa.558
7663.1703 -0.674 14 0 3 e 22 0 0 1 e 21 12LuMoLiPeKaCa.559
7663.2800 0.469 14 0 3 e 47 0 0 1 e 46 12LuMoLiPeKaCa.560
7663.4629 1.371 14 0 3 e 23 0 0 1 e 22 12LuMoLiPeKaCa.561
7663.7280 -0.247 14 0 3 e 24 0 0 1 e 23 12LuMoLiPeKaCa.562
7663.8197 0.026 14 0 3 e 45 0 0 1 e 44 12LuMoLiPeKaCa.563
7663.9717 0.574 14 0 3 e 25 0 0 1 e 24 12LuMoLiPeKaCa.564
7664.0448 -9.140 14 0 3 e 44 0 0 1 e 43 12LuMoLiPeKaCa.565
7664.1891 -1.065 14 0 3 e 26 0 0 1 e 25 12LuMoLiPeKaCa.566
7664.2614 -2.937 14 0 3 e 43 0 0 1 e 42 12LuMoLiPeKaCa.567
7664.3849 -0.460 14 0 3 e 27 0 0 1 e 26 12LuMoLiPeKaCa.568
7664.5572 0.489 14 0 3 e 28 0 0 1 e 27 12LuMoLiPeKaCa.569
7664.6139 0.374 14 0 3 e 41 0 0 1 e 40 12LuMoLiPeKaCa.570
7664.7039 -0.314 14 0 3 e 29 0 0 1 e 28 12LuMoLiPeKaCa.571
7664.7520 -0.321 14 0 3 e 40 0 0 1 e 39 12LuMoLiPeKaCa.572
7664.8275 -0.367 14 0 3 e 30 0 0 1 e 29 12LuMoLiPeKaCa.573
7664.9273 -0.370 14 0 3 e 31 0 0 1 e 30 12LuMoLiPeKaCa.574
7665.0038 0.181 14 0 3 e 32 0 0 1 e 31 12LuMoLiPeKaCa.575
7665.0254 -0.116 14 0 3 e 37 0 0 1 e 36 12LuMoLiPeKaCa.576
7665.0569 1.186 14 0 3 e 33 0 0 1 e 32 12LuMoLiPeKaCa.577
7665.0859 1.947 14 0 3 e 34 0 0 1 e 33 12LuMoLiPeKaCa.578
