7050.0847 0.139 12 0 7 e 1 0 0 1 e 2 12LuMoLiPeKaCa.B1
7049.2147 -0.520 12 0 7 e 2 0 0 1 e 3 12LuMoLiPeKaCa.B2
7048.3292 -0.994 12 0 7 e 3 0 0 1 e 4 12LuMoLiPeKaCa.B3
7047.4284 -1.080 12 0 7 e 4 0 0 1 e 5 12LuMoLiPeKaCa.B4
7046.5117 -1.377 12 0 7 e 5 0 0 1 e 6 12LuMoLiPeKaCa.B5
7045.5800 -0.981 12 0 7 e 6 0 0 1 e 7 12LuMoLiPeKaCa.B6
7044.6337 0.514 12 0 7 e 7 0 0 1 e 8 12LuMoLiPeKaCa.B7
7043.6685 -1.185 12 0 7 e 8 0 0 1 e 9 12LuMoLiPeKaCa.B8
7042.6897 -0.770 12 0 7 e 9 0 0 1 e 10 12LuMoLiPeKaCa.B9
7041.6964 0.871 12 0 7 e 10 0 0 1 e 11 12LuMoLiPeKaCa.B10
7040.6850 0.148 12 0 7 e 11 0 0 1 e 12 12LuMoLiPeKaCa.B11
7039.6586 0.177 12 0 7 e 12 0 0 1 e 13 12LuMoLiPeKaCa.B12
7038.6161 -0.128 12 0 7 e 13 0 0 1 e 14 12LuMoLiPeKaCa.B13
7037.5586 0.349 12 0 7 e 14 0 0 1 e 15 12LuMoLiPeKaCa.B14
7035.3936 -1.270 12 0 7 e 16 0 0 1 e 17 12LuMoLiPeKaCa.B15
7034.2900 0.575 12 0 7 e 17 0 0 1 e 18 12LuMoLiPeKaCa.B16
7033.1689 0.786 12 0 7 e 18 0 0 1 e 19 12LuMoLiPeKaCa.B17
7032.0317 0.790 12 0 7 e 19 0 0 1 e 20 12LuMoLiPeKaCa.B18
7030.8795 1.713 12 0 7 e 20 0 0 1 e 21 12LuMoLiPeKaCa.B19
7029.7095 0.782 12 0 7 e 21 0 0 1 e 22 12LuMoLiPeKaCa.B20
7026.1061 0.581 12 0 7 e 24 0 0 1 e 25 12LuMoLiPeKaCa.B21
7024.8755 3.155 12 0 7 e 25 0 0 1 e 26 12LuMoLiPeKaCa.B22
7023.6228 -0.259 12 0 7 e 26 0 0 1 e 27 12LuMoLiPeKaCa.B23
7018.4648 0.805 12 0 7 e 30 0 0 1 e 31 12LuMoLiPeKaCa.B24
7017.1324 -1.139 12 0 7 e 31 0 0 1 e 32 12LuMoLiPeKaCa.B25
7014.4245 1.018 12 0 7 e 33 0 0 1 e 34 12LuMoLiPeKaCa.B26
7013.0431 -0.683 12 0 7 e 34 0 0 1 e 35 12LuMoLiPeKaCa.B27
7011.6462 -1.369 12 0 7 e 35 0 0 1 e 36 12LuMoLiPeKaCa.B28
7010.2338 -0.989 12 0 7 e 36 0 0 1 e 37 12LuMoLiPeKaCa.B29
7008.8047 -0.687 12 0 7 e 37 0 0 1 e 38 12LuMoLiPeKaCa.B30
7005.8951 -1.393 12 0 7 e 39 0 0 1 e 40 12LuMoLiPeKaCa.B31
7002.9177 -2.720 12 0 7 e 41 0 0 1 e 42 12LuMoLiPeKaCa.B32
7001.4045 -2.539 12 0 7 e 42 0 0 1 e 43 12LuMoLiPeKaCa.B33
6998.3293 0.035 12 0 7 e 44 0 0 1 e 45 12LuMoLiPeKaCa.B34
6996.7674 2.661 12 0 7 e 45 0 0 1 e 46 12LuMoLiPeKaCa.B35
6991.9700 2.226 12 0 7 e 48 0 0 1 e 49 12LuMoLiPeKaCa.B36
6990.3377 3.618 12 0 7 e 49 0 0 1 e 50 12LuMoLiPeKaCa.B37
7055.7333 2.863 12 0 7 e 5 0 0 1 e 4 12LuMoLiPeKaCa.B38
7057.2020 -0.037 12 0 7 e 7 0 0 1 e 6 12LuMoLiPeKaCa.B39
7059.2908 -0.321 12 0 7 e 10 0 0 1 e 9 12LuMoLiPeKaCa.B40
7059.9550 -0.857 12 0 7 e 11 0 0 1 e 10 12LuMoLiPeKaCa.B41
7060.6049 0.155 12 0 7 e 12 0 0 1 e 11 12LuMoLiPeKaCa.B42
7061.2379 0.139 12 0 7 e 13 0 0 1 e 12 12LuMoLiPeKaCa.B43
7061.8549 0.020 12 0 7 e 14 0 0 1 e 13 12LuMoLiPeKaCa.B44
7062.4562 0.126 12 0 7 e 15 0 0 1 e 14 12LuMoLiPeKaCa.B45
7063.6110 0.426 12 0 7 e 17 0 0 1 e 16 12LuMoLiPeKaCa.B46
7064.1653 1.483 12 0 7 e 18 0 0 1 e 17 12LuMoLiPeKaCa.B47
7064.7025 1.489 12 0 7 e 19 0 0 1 e 18 12LuMoLiPeKaCa.B48
7065.2240 1.878 12 0 7 e 20 0 0 1 e 19 12LuMoLiPeKaCa.B49
7065.7269 -0.212 12 0 7 e 21 0 0 1 e 20 12LuMoLiPeKaCa.B50
7066.2190 3.057 12 0 7 e 22 0 0 1 e 21 12LuMoLiPeKaCa.B51
7066.6919 3.326 12 0 7 e 23 0 0 1 e 22 12LuMoLiPeKaCa.B52
7067.5885 3.427 12 0 7 e 25 0 0 1 e 24 12LuMoLiPeKaCa.B53
7068.0101 1.249 12 0 7 e 26 0 0 1 e 25 12LuMoLiPeKaCa.B54
7068.8100 2.766 12 0 7 e 28 0 0 1 e 27 12LuMoLiPeKaCa.B55
7069.5398 0.079 12 0 7 e 30 0 0 1 e 29 12LuMoLiPeKaCa.B56
7069.8817 0.576 12 0 7 e 31 0 0 1 e 30 12LuMoLiPeKaCa.B57
7070.2047 -1.194 12 0 7 e 32 0 0 1 e 31 12LuMoLiPeKaCa.B58
7070.5165 2.524 12 0 7 e 33 0 0 1 e 32 12LuMoLiPeKaCa.B59
7071.0787 -1.140 12 0 7 e 35 0 0 1 e 34 12LuMoLiPeKaCa.B60
7071.3343 -3.201 12 0 7 e 36 0 0 1 e 35 12LuMoLiPeKaCa.B61
7072.0062 -2.442 12 0 7 e 39 0 0 1 e 38 12LuMoLiPeKaCa.B62
7072.8857 -0.806 12 0 7 e 45 0 0 1 e 44 12LuMoLiPeKaCa.B63
7072.9727 0.933 12 0 7 e 46 0 0 1 e 45 12LuMoLiPeKaCa.B64
7073.0403 0.919 12 0 7 e 47 0 0 1 e 46 12LuMoLiPeKaCa.B65
7073.0899 0.634 12 0 7 e 48 0 0 1 e 47 12LuMoLiPeKaCa.B66
7073.1256 4.261 12 0 7 e 49 0 0 1 e 48 12LuMoLiPeKaCa.B67
7140.8227 3.013 12 0 6 e 2 0 0 1 e 3 12LuMoLiPeKaCa.B68
7138.0542 -0.311 12 0 6 e 5 0 0 1 e 6 12LuMoLiPeKaCa.B69
7137.0918 0.858 12 0 6 e 6 0 0 1 e 7 12LuMoLiPeKaCa.B70
7135.0987 -2.392 12 0 6 e 8 0 0 1 e 9 12LuMoLiPeKaCa.B71
7134.0741 -0.730 12 0 6 e 9 0 0 1 e 10 12LuMoLiPeKaCa.B72
7129.7606 -0.555 12 0 6 e 13 0 0 1 e 14 12LuMoLiPeKaCa.B73
7128.6306 -0.046 12 0 6 e 14 0 0 1 e 15 12LuMoLiPeKaCa.B74
7127.4795 0.170 12 0 6 e 15 0 0 1 e 16 12LuMoLiPeKaCa.B75
7125.1146 0.257 12 0 6 e 17 0 0 1 e 18 12LuMoLiPeKaCa.B76
7123.9023 1.593 12 0 6 e 18 0 0 1 e 19 12LuMoLiPeKaCa.B77
7121.4115 0.258 12 0 6 e 20 0 0 1 e 21 12LuMoLiPeKaCa.B78
7120.1352 -0.253 12 0 6 e 21 0 0 1 e 22 12LuMoLiPeKaCa.B79
7118.8392 0.212 12 0 6 e 22 0 0 1 e 23 12LuMoLiPeKaCa.B80
7114.8263 0.548 12 0 6 e 25 0 0 1 e 26 12LuMoLiPeKaCa.B81
7113.4472 0.395 12 0 6 e 26 0 0 1 e 27 12LuMoLiPeKaCa.B82
7112.0478 0.502 12 0 6 e 27 0 0 1 e 28 12LuMoLiPeKaCa.B83
7110.6272 -0.057 12 0 6 e 28 0 0 1 e 29 12LuMoLiPeKaCa.B84
7109.1871 0.392 12 0 6 e 29 0 0 1 e 30 12LuMoLiPeKaCa.B85
7107.7254 -0.278 12 0 6 e 30 0 0 1 e 31 12LuMoLiPeKaCa.B86
7106.2439 -0.296 12 0 6 e 31 0 0 1 e 32 12LuMoLiPeKaCa.B87
7103.2229 2.908 12 0 6 e 33 0 0 1 e 34 12LuMoLiPeKaCa.B88
7101.6774 0.069 12 0 6 e 34 0 0 1 e 35 12LuMoLiPeKaCa.B89
7100.1142 -0.137 12 0 6 e 35 0 0 1 e 36 12LuMoLiPeKaCa.B90
7098.5282 -2.843 12 0 6 e 36 0 0 1 e 37 12LuMoLiPeKaCa.B91
7096.9250 -2.483 12 0 6 e 37 0 0 1 e 38 12LuMoLiPeKaCa.B92
7095.3052 1.511 12 0 6 e 38 0 0 1 e 39 12LuMoLiPeKaCa.B93
7091.9917 -3.842 12 0 6 e 40 0 0 1 e 41 12LuMoLiPeKaCa.B94
7090.3100 -1.259 12 0 6 e 41 0 0 1 e 42 12LuMoLiPeKaCa.B95
7088.6060 -0.886 12 0 6 e 42 0 0 1 e 43 12LuMoLiPeKaCa.B96
7085.1372 -0.820 12 0 6 e 44 0 0 1 e 45 12LuMoLiPeKaCa.B97
7081.5897 0.445 12 0 6 e 46 0 0 1 e 47 12LuMoLiPeKaCa.B98
7147.2717 -0.170 12 0 6 e 5 0 0 1 e 4 12LuMoLiPeKaCa.B99
7147.9830 -1.075 12 0 6 e 6 0 0 1 e 5 12LuMoLiPeKaCa.B100
7149.3439 -1.698 12 0 6 e 8 0 0 1 e 7 12LuMoLiPeKaCa.B101
7150.6235 0.214 12 0 6 e 10 0 0 1 e 9 12LuMoLiPeKaCa.B102
7151.2306 -0.099 12 0 6 e 11 0 0 1 e 10 12LuMoLiPeKaCa.B103
7151.8167 -0.465 12 0 6 e 12 0 0 1 e 11 12LuMoLiPeKaCa.B104
7152.9271 -0.175 12 0 6 e 14 0 0 1 e 13 12LuMoLiPeKaCa.B105
7153.4505 -0.432 12 0 6 e 15 0 0 1 e 14 12LuMoLiPeKaCa.B106
7153.9543 0.632 12 0 6 e 16 0 0 1 e 15 12LuMoLiPeKaCa.B107
7154.4353 -0.191 12 0 6 e 17 0 0 1 e 16 12LuMoLiPeKaCa.B108
7154.8963 -0.109 12 0 6 e 18 0 0 1 e 17 12LuMoLiPeKaCa.B109
7155.3365 0.066 12 0 6 e 19 0 0 1 e 18 12LuMoLiPeKaCa.B110
7155.7527 -2.876 12 0 6 e 20 0 0 1 e 19 12LuMoLiPeKaCa.B111
7156.1557 1.853 12 0 6 e 21 0 0 1 e 20 12LuMoLiPeKaCa.B112
7156.5341 2.841 12 0 6 e 22 0 0 1 e 21 12LuMoLiPeKaCa.B113
7157.2239 0.339 12 0 6 e 24 0 0 1 e 23 12LuMoLiPeKaCa.B114
7157.5391 0.620 12 0 6 e 25 0 0 1 e 24 12LuMoLiPeKaCa.B115
7157.8341 1.502 12 0 6 e 26 0 0 1 e 25 12LuMoLiPeKaCa.B116
7158.3590 0.501 12 0 6 e 28 0 0 1 e 27 12LuMoLiPeKaCa.B117
7158.5904 0.084 12 0 6 e 29 0 0 1 e 28 12LuMoLiPeKaCa.B118
7158.8003 -1.104 12 0 6 e 30 0 0 1 e 29 12LuMoLiPeKaCa.B119
7158.9919 0.119 12 0 6 e 31 0 0 1 e 30 12LuMoLiPeKaCa.B120
7159.1612 -0.269 12 0 6 e 32 0 0 1 e 31 12LuMoLiPeKaCa.B121
7159.3097 -0.787 12 0 6 e 33 0 0 1 e 32 12LuMoLiPeKaCa.B122
7159.4385 -0.359 12 0 6 e 34 0 0 1 e 33 12LuMoLiPeKaCa.B123
7159.5461 -0.507 12 0 6 e 35 0 0 1 e 34 12LuMoLiPeKaCa.B124
7159.6322 -1.555 12 0 6 e 36 0 0 1 e 35 12LuMoLiPeKaCa.B125
7159.7006 0.273 12 0 6 e 37 0 0 1 e 36 12LuMoLiPeKaCa.B126
7159.7463 -0.048 12 0 6 e 38 0 0 1 e 37 12LuMoLiPeKaCa.B127
7159.7725 0.655 12 0 6 e 39 0 0 1 e 38 12LuMoLiPeKaCa.B128
7159.7725 -4.345 12 0 6 e 40 0 0 1 e 39 12LuMoLiPeKaCa.B129
7159.7278 2.338 12 0 6 e 42 0 0 1 e 41 12LuMoLiPeKaCa.B130
7159.6683 -0.837 12 0 6 e 43 0 0 1 e 42 12LuMoLiPeKaCa.B131
7159.5918 -0.630 12 0 6 e 44 0 0 1 e 43 12LuMoLiPeKaCa.B132
7159.4956 0.229 12 0 6 e 45 0 0 1 e 44 12LuMoLiPeKaCa.B133
7159.3783 0.307 12 0 6 e 46 0 0 1 e 45 12LuMoLiPeKaCa.B134
7159.0850 2.594 12 0 6 e 48 0 0 1 e 47 12LuMoLiPeKaCa.B135
7158.9058 1.535 12 0 6 e 49 0 0 1 e 48 12LuMoLiPeKaCa.B136
7158.4908 3.338 12 0 6 e 51 0 0 1 e 50 12LuMoLiPeKaCa.B137
7380.6555 -1.621 12 0 12 e 3 0 0 1 e 4 12LuMoLiPeKaCa.B138
7377.0400 -0.281 12 0 12 e 7 0 0 1 e 8 12LuMoLiPeKaCa.B139
7374.2009 0.676 12 0 12 e 10 0 0 1 e 11 12LuMoLiPeKaCa.B140
7373.2295 0.439 12 0 12 e 11 0 0 1 e 12 12LuMoLiPeKaCa.B141
7371.2497 -0.008 12 0 12 e 13 0 0 1 e 14 12LuMoLiPeKaCa.B142
7370.2403 -1.097 12 0 12 e 14 0 0 1 e 15 12LuMoLiPeKaCa.B143
7367.1415 0.412 12 0 12 e 17 0 0 1 e 18 12LuMoLiPeKaCa.B144
7366.0836 1.337 12 0 12 e 18 0 0 1 e 19 12LuMoLiPeKaCa.B145
7363.9267 0.697 12 0 12 e 20 0 0 1 e 21 12LuMoLiPeKaCa.B146
7360.5940 0.408 12 0 12 e 23 0 0 1 e 24 12LuMoLiPeKaCa.B147
7358.3058 0.447 12 0 12 e 25 0 0 1 e 26 12LuMoLiPeKaCa.B148
7353.5683 3.819 12 0 12 e 29 0 0 1 e 30 12LuMoLiPeKaCa.B149
7351.1082 -1.430 12 0 12 e 31 0 0 1 e 32 12LuMoLiPeKaCa.B150
7344.7157 -0.611 12 0 12 e 36 0 0 1 e 37 12LuMoLiPeKaCa.B151
7388.0916 1.371 12 0 12 e 5 0 0 1 e 4 12LuMoLiPeKaCa.B152
7391.0780 -1.207 12 0 12 e 9 0 0 1 e 8 12LuMoLiPeKaCa.B153
7391.7956 -0.216 12 0 12 e 10 0 0 1 e 9 12LuMoLiPeKaCa.B154
7392.4993 -0.767 12 0 12 e 11 0 0 1 e 10 12LuMoLiPeKaCa.B155
7395.1915 -0.676 12 0 12 e 15 0 0 1 e 14 12LuMoLiPeKaCa.B156
7395.8345 0.891 12 0 12 e 16 0 0 1 e 15 12LuMoLiPeKaCa.B157
7398.8478 1.032 12 0 12 e 21 0 0 1 e 20 12LuMoLiPeKaCa.B158
7400.4963 0.639 12 0 12 e 24 0 0 1 e 23 12LuMoLiPeKaCa.B159
7401.5281 1.425 12 0 12 e 26 0 0 1 e 25 12LuMoLiPeKaCa.B160
7402.5013 -0.527 12 0 12 e 28 0 0 1 e 27 12LuMoLiPeKaCa.B161
7403.4186 -1.339 12 0 12 e 30 0 0 1 e 29 12LuMoLiPeKaCa.B162
7404.2784 -1.351 12 0 12 e 32 0 0 1 e 31 12LuMoLiPeKaCa.B163
7404.6855 -1.879 12 0 12 e 33 0 0 1 e 32 12LuMoLiPeKaCa.B164
7405.4587 1.502 12 0 12 e 35 0 0 1 e 34 12LuMoLiPeKaCa.B165
7405.8192 0.178 12 0 12 e 36 0 0 1 e 35 12LuMoLiPeKaCa.B166
7406.4971 1.555 12 0 12 e 38 0 0 1 e 37 12LuMoLiPeKaCa.B167
7490.4292 -0.034 12 0 13 e 1 0 0 1 e 2 12LuMoLiPeKaCa.B168
7488.6664 -1.473 12 0 13 e 3 0 0 1 e 4 12LuMoLiPeKaCa.B169
7487.7605 -1.066 12 0 13 e 4 0 0 1 e 5 12LuMoLiPeKaCa.B170
7486.8394 1.228 12 0 13 e 5 0 0 1 e 6 12LuMoLiPeKaCa.B171
7485.8986 0.910 12 0 13 e 6 0 0 1 e 7 12LuMoLiPeKaCa.B172
7484.9409 0.786 12 0 13 e 7 0 0 1 e 8 12LuMoLiPeKaCa.B173
7482.9732 -0.460 12 0 13 e 9 0 0 1 e 10 12LuMoLiPeKaCa.B174
7480.9387 -0.049 12 0 13 e 11 0 0 1 e 12 12LuMoLiPeKaCa.B175
7479.8958 0.204 12 0 13 e 12 0 0 1 e 13 12LuMoLiPeKaCa.B176
7477.7589 1.066 12 0 13 e 14 0 0 1 e 15 12LuMoLiPeKaCa.B177
7475.5506 -0.762 12 0 13 e 16 0 0 1 e 17 12LuMoLiPeKaCa.B178
7473.2756 -0.441 12 0 13 e 18 0 0 1 e 19 12LuMoLiPeKaCa.B179
7472.1127 0.189 12 0 13 e 19 0 0 1 e 20 12LuMoLiPeKaCa.B180
7469.7333 -0.304 12 0 13 e 21 0 0 1 e 22 12LuMoLiPeKaCa.B181
7468.5194 1.224 12 0 13 e 22 0 0 1 e 23 12LuMoLiPeKaCa.B182
7467.2853 -0.098 12 0 13 e 23 0 0 1 e 24 12LuMoLiPeKaCa.B183
7464.7680 0.325 12 0 13 e 25 0 0 1 e 26 12LuMoLiPeKaCa.B184
7463.4807 -1.971 12 0 13 e 26 0 0 1 e 27 12LuMoLiPeKaCa.B185
7462.1814 1.205 12 0 13 e 27 0 0 1 e 28 12LuMoLiPeKaCa.B186
7460.8599 -0.314 12 0 13 e 28 0 0 1 e 29 12LuMoLiPeKaCa.B187
7459.5240 1.307 12 0 13 e 29 0 0 1 e 30 12LuMoLiPeKaCa.B188
7455.4030 -1.518 12 0 13 e 32 0 0 1 e 33 12LuMoLiPeKaCa.B189
7453.9943 -2.158 12 0 13 e 33 0 0 1 e 34 12LuMoLiPeKaCa.B190
7452.5676 -3.062 12 0 13 e 34 0 0 1 e 35 12LuMoLiPeKaCa.B191
7448.1849 -1.514 12 0 13 e 37 0 0 1 e 38 12LuMoLiPeKaCa.B192
7443.6412 0.310 12 0 13 e 40 0 0 1 e 41 12LuMoLiPeKaCa.B193
7442.0873 -2.344 12 0 13 e 41 0 0 1 e 42 12LuMoLiPeKaCa.B194
7493.7484 1.510 12 0 13 e 2 0 0 1 e 1 12LuMoLiPeKaCa.B195
7494.5326 -0.954 12 0 13 e 3 0 0 1 e 2 12LuMoLiPeKaCa.B196
7495.3029 -0.205 12 0 13 e 4 0 0 1 e 3 12LuMoLiPeKaCa.B197
7496.0550 -0.532 12 0 13 e 5 0 0 1 e 4 12LuMoLiPeKaCa.B198
7496.7903 -0.523 12 0 13 e 6 0 0 1 e 5 12LuMoLiPeKaCa.B199
7497.5077 -1.266 12 0 13 e 7 0 0 1 e 6 12LuMoLiPeKaCa.B200
7498.2103 0.354 12 0 13 e 8 0 0 1 e 7 12LuMoLiPeKaCa.B201
7499.5602 -0.158 12 0 13 e 10 0 0 1 e 9 12LuMoLiPeKaCa.B202
7500.2102 0.445 12 0 13 e 11 0 0 1 e 10 12LuMoLiPeKaCa.B203
7500.8425 0.582 12 0 13 e 12 0 0 1 e 11 12LuMoLiPeKaCa.B204
7501.4544 -2.429 12 0 13 e 13 0 0 1 e 12 12LuMoLiPeKaCa.B205
7502.6331 -1.698 12 0 13 e 15 0 0 1 e 14 12LuMoLiPeKaCa.B206
7503.1997 1.892 12 0 13 e 16 0 0 1 e 15 12LuMoLiPeKaCa.B207
7503.7444 0.935 12 0 13 e 17 0 0 1 e 16 12LuMoLiPeKaCa.B208
7504.2719 0.156 12 0 13 e 18 0 0 1 e 17 12LuMoLiPeKaCa.B209
7504.7826 -0.012 12 0 13 e 19 0 0 1 e 18 12LuMoLiPeKaCa.B210
7505.2749 -1.141 12 0 13 e 20 0 0 1 e 19 12LuMoLiPeKaCa.B211
7505.7527 0.703 12 0 13 e 21 0 0 1 e 20 12LuMoLiPeKaCa.B212
7506.2105 0.052 12 0 13 e 22 0 0 1 e 21 12LuMoLiPeKaCa.B213
7506.6516 0.244 12 0 13 e 23 0 0 1 e 22 12LuMoLiPeKaCa.B214
7507.0758 1.112 12 0 13 e 24 0 0 1 e 23 12LuMoLiPeKaCa.B215
7507.8687 0.236 12 0 13 e 26 0 0 1 e 25 12LuMoLiPeKaCa.B216
7508.2390 0.172 12 0 13 e 27 0 0 1 e 26 12LuMoLiPeKaCa.B217
7508.5906 -0.856 12 0 13 e 28 0 0 1 e 27 12LuMoLiPeKaCa.B218
7508.9267 0.399 12 0 13 e 29 0 0 1 e 28 12LuMoLiPeKaCa.B219
7509.2403 -3.021 12 0 13 e 30 0 0 1 e 29 12LuMoLiPeKaCa.B220
7509.5407 -1.768 12 0 13 e 31 0 0 1 e 30 12LuMoLiPeKaCa.B221
7509.8220 -1.695 12 0 13 e 32 0 0 1 e 31 12LuMoLiPeKaCa.B222
7510.0865 -0.453 12 0 13 e 33 0 0 1 e 32 12LuMoLiPeKaCa.B223
7510.3296 -2.591 12 0 13 e 34 0 0 1 e 33 12LuMoLiPeKaCa.B224
7510.7694 1.003 12 0 13 e 36 0 0 1 e 35 12LuMoLiPeKaCa.B225
7510.9602 0.942 12 0 13 e 37 0 0 1 e 36 12LuMoLiPeKaCa.B226
7511.1327 0.817 12 0 13 e 38 0 0 1 e 37 12LuMoLiPeKaCa.B227
7511.5410 1.240 12 0 13 e 41 0 0 1 e 40 12LuMoLiPeKaCa.B228
7511.6394 0.549 12 0 13 e 42 0 0 1 e 41 12LuMoLiPeKaCa.B229
7511.8541 -0.831 12 0 13 e 47 0 0 1 e 46 12LuMoLiPeKaCa.B230
7563.9588 -0.854 12 0 12 e 3 0 0 1 e 4 12LuMoLiPeKaCa.B231
7563.0461 2.417 12 0 12 e 4 0 0 1 e 5 12LuMoLiPeKaCa.B232
7561.1528 -0.543 12 0 12 e 6 0 0 1 e 7 12LuMoLiPeKaCa.B233
7560.1786 -0.411 12 0 12 e 7 0 0 1 e 8 12LuMoLiPeKaCa.B234
7559.1861 0.834 12 0 12 e 8 0 0 1 e 9 12LuMoLiPeKaCa.B235
7558.1717 -0.435 12 0 12 e 9 0 0 1 e 10 12LuMoLiPeKaCa.B236
7557.1409 1.256 12 0 12 e 10 0 0 1 e 11 12LuMoLiPeKaCa.B237
7555.0156 -1.108 12 0 12 e 12 0 0 1 e 13 12LuMoLiPeKaCa.B238
7553.9264 0.069 12 0 12 e 13 0 0 1 e 14 12LuMoLiPeKaCa.B239
7551.6894 1.449 12 0 12 e 15 0 0 1 e 16 12LuMoLiPeKaCa.B240
7550.5410 0.969 12 0 12 e 16 0 0 1 e 17 12LuMoLiPeKaCa.B241
7548.1887 1.736 12 0 12 e 18 0 0 1 e 19 12LuMoLiPeKaCa.B242
7544.5151 0.041 12 0 12 e 21 0 0 1 e 22 12LuMoLiPeKaCa.B243
7543.2526 -0.766 12 0 12 e 22 0 0 1 e 23 12LuMoLiPeKaCa.B244
7539.3565 0.524 12 0 12 e 25 0 0 1 e 26 12LuMoLiPeKaCa.B245
7536.6640 -0.798 12 0 12 e 27 0 0 1 e 28 12LuMoLiPeKaCa.B246
7533.8991 -0.864 12 0 12 e 29 0 0 1 e 30 12LuMoLiPeKaCa.B247
7532.4899 -0.222 12 0 12 e 30 0 0 1 e 31 12LuMoLiPeKaCa.B248
7531.0618 -0.304 12 0 12 e 31 0 0 1 e 32 12LuMoLiPeKaCa.B249
7529.6159 -0.097 12 0 12 e 32 0 0 1 e 33 12LuMoLiPeKaCa.B250
7522.1167 -0.574 12 0 12 e 37 0 0 1 e 38 12LuMoLiPeKaCa.B251
7520.5648 0.239 12 0 12 e 38 0 0 1 e 39 12LuMoLiPeKaCa.B252
7518.9957 1.273 12 0 12 e 39 0 0 1 e 40 12LuMoLiPeKaCa.B253
7569.0448 -1.132 12 0 12 e 2 0 0 1 e 1 12LuMoLiPeKaCa.B254
7570.5851 -0.123 12 0 12 e 4 0 0 1 e 3 12LuMoLiPeKaCa.B255
7571.3248 -0.800 12 0 12 e 5 0 0 1 e 4 12LuMoLiPeKaCa.B256
7572.7509 3.038 12 0 12 e 7 0 0 1 e 6 12LuMoLiPeKaCa.B257
7573.4306 0.827 12 0 12 e 8 0 0 1 e 7 12LuMoLiPeKaCa.B258
7574.7343 -0.936 12 0 12 e 10 0 0 1 e 9 12LuMoLiPeKaCa.B259
7575.3588 -0.030 12 0 12 e 11 0 0 1 e 10 12LuMoLiPeKaCa.B260
7578.1874 0.924 12 0 12 e 16 0 0 1 e 15 12LuMoLiPeKaCa.B261
7580.1032 0.938 12 0 12 e 20 0 0 1 e 19 12LuMoLiPeKaCa.B262
7580.9460 0.363 12 0 12 e 22 0 0 1 e 21 12LuMoLiPeKaCa.B263
7581.3392 0.330 12 0 12 e 23 0 0 1 e 22 12LuMoLiPeKaCa.B264
7582.4051 -0.324 12 0 12 e 26 0 0 1 e 25 12LuMoLiPeKaCa.B265
7582.7230 -0.432 12 0 12 e 27 0 0 1 e 26 12LuMoLiPeKaCa.B266
7583.3028 -0.773 12 0 12 e 29 0 0 1 e 28 12LuMoLiPeKaCa.B267
7584.0354 0.226 12 0 12 e 32 0 0 1 e 31 12LuMoLiPeKaCa.B268
7584.7547 -0.474 12 0 12 e 36 0 0 1 e 35 12LuMoLiPeKaCa.B269
7146.2542 -0.865 13 1 8 e 3 1 1 1 e 4 12LuMoLiPeKaCa.C1
7144.3943 1.498 13 1 8 e 5 1 1 1 e 6 12LuMoLiPeKaCa.C2
7141.4441 -0.629 13 1 8 e 8 1 1 1 e 9 12LuMoLiPeKaCa.C3
7140.4225 1.676 13 1 8 e 9 1 1 1 e 10 12LuMoLiPeKaCa.C4
7139.3765 0.173 13 1 8 e 10 1 1 1 e 11 12LuMoLiPeKaCa.C5
7137.2256 -0.004 13 1 8 e 12 1 1 1 e 13 12LuMoLiPeKaCa.C6
7121.2457 -0.778 13 1 8 e 25 1 1 1 e 26 12LuMoLiPeKaCa.C7
7117.0720 2.864 13 1 8 e 28 1 1 1 e 29 12LuMoLiPeKaCa.C8
7115.6345 -1.582 13 1 8 e 29 1 1 1 e 30 12LuMoLiPeKaCa.C9
7112.7085 -0.698 13 1 8 e 31 1 1 1 e 32 12LuMoLiPeKaCa.C10
7156.3488 3.073 13 1 8 e 9 1 1 1 e 8 12LuMoLiPeKaCa.C11
7158.1770 -1.246 13 1 8 e 12 1 1 1 e 11 12LuMoLiPeKaCa.C12
7159.8236 -1.180 13 1 8 e 15 1 1 1 e 14 12LuMoLiPeKaCa.C13
7161.7308 -0.259 13 1 8 e 19 1 1 1 e 18 12LuMoLiPeKaCa.C14
7162.1565 0.455 13 1 8 e 20 1 1 1 e 19 12LuMoLiPeKaCa.C15
7162.9434 -0.767 13 1 8 e 22 1 1 1 e 21 12LuMoLiPeKaCa.C16
7163.9735 1.629 13 1 8 e 25 1 1 1 e 24 12LuMoLiPeKaCa.C17
7164.2745 1.216 13 1 8 e 26 1 1 1 e 25 12LuMoLiPeKaCa.C18
7164.8152 0.751 13 1 8 e 28 1 1 1 e 27 12LuMoLiPeKaCa.C19
7165.0533 -0.926 13 1 8 e 29 1 1 1 e 28 12LuMoLiPeKaCa.C20
7165.4738 1.566 13 1 8 e 31 1 1 1 e 30 12LuMoLiPeKaCa.C21
7166.2352 0.207 13 1 8 e 37 1 1 1 e 36 12LuMoLiPeKaCa.C22
7166.3257 -0.239 13 1 8 e 39 1 1 1 e 38 12LuMoLiPeKaCa.C23
7146.2542 1.146 13 1 8 f 3 1 1 1 f 4 12LuMoLiPeKaCa.D1
7144.3943 -2.311 13 1 8 f 5 1 1 1 f 6 12LuMoLiPeKaCa.D2
7137.2823 0.480 13 1 8 f 12 1 1 1 f 13 12LuMoLiPeKaCa.D3
7129.2103 -0.494 13 1 8 f 19 1 1 1 f 20 12LuMoLiPeKaCa.D4
7126.7315 1.402 13 1 8 f 21 1 1 1 f 22 12LuMoLiPeKaCa.D5
7124.1691 -3.020 13 1 8 f 23 1 1 1 f 24 12LuMoLiPeKaCa.D6
7121.5378 0.718 13 1 8 f 25 1 1 1 f 26 12LuMoLiPeKaCa.D7
7152.8923 -0.745 13 1 8 f 4 1 1 1 f 3 12LuMoLiPeKaCa.D8
7158.2742 -0.734 13 1 8 f 12 1 1 1 f 11 12LuMoLiPeKaCa.D9
7158.8592 -0.080 13 1 8 f 13 1 1 1 f 12 12LuMoLiPeKaCa.D10
7159.9694 0.271 13 1 8 f 15 1 1 1 f 14 12LuMoLiPeKaCa.D11
7162.4010 -0.059 13 1 8 f 20 1 1 1 f 19 12LuMoLiPeKaCa.D12
7162.8284 -0.411 13 1 8 f 21 1 1 1 f 20 12LuMoLiPeKaCa.D13
7163.2363 -0.757 13 1 8 f 22 1 1 1 f 21 12LuMoLiPeKaCa.D14
7164.6736 -1.772 13 1 8 f 26 1 1 1 f 25 12LuMoLiPeKaCa.D15
7164.9824 -3.990 13 1 8 f 27 1 1 1 f 26 12LuMoLiPeKaCa.D16
7166.2519 0.585 13 1 8 f 32 1 1 1 f 31 12LuMoLiPeKaCa.D17
7166.6237 1.315 13 1 8 f 34 1 1 1 f 33 12LuMoLiPeKaCa.D18
7167.0323 -2.909 13 1 8 f 37 1 1 1 f 36 12LuMoLiPeKaCa.D19
7167.1337 -0.906 13 1 8 f 38 1 1 1 f 37 12LuMoLiPeKaCa.D20
7167.2150 0.043 13 1 8 f 39 1 1 1 f 38 12LuMoLiPeKaCa.D21
7509.0691 -1.329 14 0 2 e 2 0 0 1 e 3 12LuMoLiPeKaCa.E1
7507.2697 -0.907 14 0 2 e 4 0 0 1 e 5 12LuMoLiPeKaCa.E2
7506.3448 0.660 14 0 2 e 5 0 0 1 e 6 12LuMoLiPeKaCa.E3
7505.4003 0.339 14 0 2 e 6 0 0 1 e 7 12LuMoLiPeKaCa.E4
7504.4381 0.040 14 0 2 e 7 0 0 1 e 8 12LuMoLiPeKaCa.E5
7503.4576 -0.826 14 0 2 e 8 0 0 1 e 9 12LuMoLiPeKaCa.E6
7502.4611 0.055 14 0 2 e 9 0 0 1 e 10 12LuMoLiPeKaCa.E7
7501.4468 0.897 14 0 2 e 10 0 0 1 e 11 12LuMoLiPeKaCa.E8
7500.4136 0.619 14 0 2 e 11 0 0 1 e 12 12LuMoLiPeKaCa.E9
7499.3631 0.841 14 0 2 e 12 0 0 1 e 13 12LuMoLiPeKaCa.E10
7497.2081 0.778 14 0 2 e 14 0 0 1 e 15 12LuMoLiPeKaCa.E11
7496.1040 0.943 14 0 2 e 15 0 0 1 e 16 12LuMoLiPeKaCa.E12
7494.9822 1.311 14 0 2 e 16 0 0 1 e 17 12LuMoLiPeKaCa.E13
7493.8419 1.113 14 0 2 e 17 0 0 1 e 18 12LuMoLiPeKaCa.E14
7492.6836 0.883 14 0 2 e 18 0 0 1 e 19 12LuMoLiPeKaCa.E15
7491.5086 1.956 14 0 2 e 19 0 0 1 e 20 12LuMoLiPeKaCa.E16
7490.3134 0.869 14 0 2 e 20 0 0 1 e 21 12LuMoLiPeKaCa.E17
7487.8711 1.081 14 0 2 e 22 0 0 1 e 23 12LuMoLiPeKaCa.E18
7486.6190 -2.534 14 0 2 e 23 0 0 1 e 24 12LuMoLiPeKaCa.E19
7481.4453 0.353 14 0 2 e 27 0 0 1 e 28 12LuMoLiPeKaCa.E20
7480.1044 -0.478 14 0 2 e 28 0 0 1 e 29 12LuMoLiPeKaCa.E21
7477.3675 -1.736 14 0 2 e 30 0 0 1 e 31 12LuMoLiPeKaCa.E22
7465.6755 -1.588 14 0 2 e 38 0 0 1 e 39 12LuMoLiPeKaCa.E23
7464.1287 -1.359 14 0 2 e 39 0 0 1 e 40 12LuMoLiPeKaCa.E24
7460.9791 0.971 14 0 2 e 41 0 0 1 e 42 12LuMoLiPeKaCa.E25
7515.5598 -1.699 14 0 2 e 5 0 0 1 e 4 12LuMoLiPeKaCa.E26
7516.2990 5.907 14 0 2 e 6 0 0 1 e 5 12LuMoLiPeKaCa.E27
7517.0063 -0.611 14 0 2 e 7 0 0 1 e 6 12LuMoLiPeKaCa.E28
7517.7028 -0.132 14 0 2 e 8 0 0 1 e 7 12LuMoLiPeKaCa.E29
7518.3770 -4.135 14 0 2 e 9 0 0 1 e 8 12LuMoLiPeKaCa.E30
7519.0398 -1.695 14 0 2 e 10 0 0 1 e 9 12LuMoLiPeKaCa.E31
7520.3084 -0.181 14 0 2 e 12 0 0 1 e 11 12LuMoLiPeKaCa.E32
7520.9146 -0.647 14 0 2 e 13 0 0 1 e 12 12LuMoLiPeKaCa.E33
7521.5037 -0.252 14 0 2 e 14 0 0 1 e 13 12LuMoLiPeKaCa.E34
7522.0743 -0.360 14 0 2 e 15 0 0 1 e 14 12LuMoLiPeKaCa.E35
7522.6280 0.666 14 0 2 e 16 0 0 1 e 15 12LuMoLiPeKaCa.E36
7523.6785 0.080 14 0 2 e 18 0 0 1 e 17 12LuMoLiPeKaCa.E37
7524.6577 0.835 14 0 2 e 20 0 0 1 e 19 12LuMoLiPeKaCa.E38
7525.5624 0.110 14 0 2 e 22 0 0 1 e 21 12LuMoLiPeKaCa.E39
7525.9879 0.408 14 0 2 e 23 0 0 1 e 22 12LuMoLiPeKaCa.E40
7526.7822 -0.398 14 0 2 e 25 0 0 1 e 24 12LuMoLiPeKaCa.E41
7527.1518 -0.586 14 0 2 e 26 0 0 1 e 25 12LuMoLiPeKaCa.E42
7527.8355 -0.620 14 0 2 e 28 0 0 1 e 27 12LuMoLiPeKaCa.E43
7528.1492 -0.737 14 0 2 e 29 0 0 1 e 28 12LuMoLiPeKaCa.E44
7528.4434 -1.562 14 0 2 e 30 0 0 1 e 29 12LuMoLiPeKaCa.E45
7528.7209 -0.226 14 0 2 e 31 0 0 1 e 30 12LuMoLiPeKaCa.E46
7528.9774 -0.956 14 0 2 e 32 0 0 1 e 31 12LuMoLiPeKaCa.E47
7529.4365 0.791 14 0 2 e 34 0 0 1 e 33 12LuMoLiPeKaCa.E48
7529.6346 -1.075 14 0 2 e 35 0 0 1 e 34 12LuMoLiPeKaCa.E49
7529.8173 0.907 14 0 2 e 36 0 0 1 e 35 12LuMoLiPeKaCa.E50
7530.1201 0.353 14 0 2 e 38 0 0 1 e 37 12LuMoLiPeKaCa.E51
7530.2442 1.992 14 0 2 e 39 0 0 1 e 38 12LuMoLiPeKaCa.E52
7530.3469 1.829 14 0 2 e 40 0 0 1 e 39 12LuMoLiPeKaCa.E53
7530.4271 -1.144 14 0 2 e 41 0 0 1 e 40 12LuMoLiPeKaCa.E54
7530.4946 2.968 14 0 2 e 42 0 0 1 e 41 12LuMoLiPeKaCa.E55
7649.0555 1.270 14 0 1 e 1 0 0 1 e 2 12LuMoLiPeKaCa.E56
7648.1688 0.041 14 0 1 e 2 0 0 1 e 3 12LuMoLiPeKaCa.E57
7647.2594 -0.139 14 0 1 e 3 0 0 1 e 4 12LuMoLiPeKaCa.E58
7646.3262 -0.377 14 0 1 e 4 0 0 1 e 5 12LuMoLiPeKaCa.E59
7645.3702 0.325 14 0 1 e 5 0 0 1 e 6 12LuMoLiPeKaCa.E60
7644.3896 0.161 14 0 1 e 6 0 0 1 e 7 12LuMoLiPeKaCa.E61
7643.3848 -0.474 14 0 1 e 7 0 0 1 e 8 12LuMoLiPeKaCa.E62
7642.3577 0.315 14 0 1 e 8 0 0 1 e 9 12LuMoLiPeKaCa.E63
7640.2309 0.449 14 0 1 e 10 0 0 1 e 11 12LuMoLiPeKaCa.E64
7639.1316 0.184 14 0 1 e 11 0 0 1 e 12 12LuMoLiPeKaCa.E65
7638.0088 0.123 14 0 1 e 12 0 0 1 e 13 12LuMoLiPeKaCa.E66
7636.8626 0.361 14 0 1 e 13 0 0 1 e 14 12LuMoLiPeKaCa.E67
7635.6925 0.394 14 0 1 e 14 0 0 1 e 15 12LuMoLiPeKaCa.E68
7634.4985 0.216 14 0 1 e 15 0 0 1 e 16 12LuMoLiPeKaCa.E69
7633.2814 0.622 14 0 1 e 16 0 0 1 e 17 12LuMoLiPeKaCa.E70
7632.0378 -1.794 14 0 1 e 17 0 0 1 e 18 12LuMoLiPeKaCa.E71
7630.7752 0.462 14 0 1 e 18 0 0 1 e 19 12LuMoLiPeKaCa.E72
7628.1739 -0.131 14 0 1 e 20 0 0 1 e 21 12LuMoLiPeKaCa.E73
7626.8389 0.708 14 0 1 e 21 0 0 1 e 22 12LuMoLiPeKaCa.E74
7625.4786 -0.102 14 0 1 e 22 0 0 1 e 23 12LuMoLiPeKaCa.E75
7624.0956 0.030 14 0 1 e 23 0 0 1 e 24 12LuMoLiPeKaCa.E76
7622.6891 0.300 14 0 1 e 24 0 0 1 e 25 12LuMoLiPeKaCa.E77
7621.2581 -0.299 14 0 1 e 25 0 0 1 e 26 12LuMoLiPeKaCa.E78
7619.8029 -1.472 14 0 1 e 26 0 0 1 e 27 12LuMoLiPeKaCa.E79
7618.3270 0.273 14 0 1 e 27 0 0 1 e 28 12LuMoLiPeKaCa.E80
7616.8255 0.031 14 0 1 e 28 0 0 1 e 29 12LuMoLiPeKaCa.E81
7613.7518 -0.341 14 0 1 e 30 0 0 1 e 31 12LuMoLiPeKaCa.E82
7612.1805 0.415 14 0 1 e 31 0 0 1 e 32 12LuMoLiPeKaCa.E83
7610.5844 -0.042 14 0 1 e 32 0 0 1 e 33 12LuMoLiPeKaCa.E84
7608.9644 -0.819 14 0 1 e 33 0 0 1 e 34 12LuMoLiPeKaCa.E85
7607.3219 -0.524 14 0 1 e 34 0 0 1 e 35 12LuMoLiPeKaCa.E86
7605.6557 -0.363 14 0 1 e 35 0 0 1 e 36 12LuMoLiPeKaCa.E87
7602.2539 1.228 14 0 1 e 37 0 0 1 e 38 12LuMoLiPeKaCa.E88
7600.5152 -0.455 14 0 1 e 38 0 0 1 e 39 12LuMoLiPeKaCa.E89
7598.7562 1.098 14 0 1 e 39 0 0 1 e 40 12LuMoLiPeKaCa.E90
7596.9706 -0.418 14 0 1 e 40 0 0 1 e 41 12LuMoLiPeKaCa.E91
7595.1624 -1.011 14 0 1 e 41 0 0 1 e 42 12LuMoLiPeKaCa.E92
7593.3319 -0.389 14 0 1 e 42 0 0 1 e 43 12LuMoLiPeKaCa.E93
7591.4786 0.941 14 0 1 e 43 0 0 1 e 44 12LuMoLiPeKaCa.E94
7589.5996 0.071 14 0 1 e 44 0 0 1 e 45 12LuMoLiPeKaCa.E95
7587.6985 0.593 14 0 1 e 45 0 0 1 e 46 12LuMoLiPeKaCa.E96
7583.8245 0.284 14 0 1 e 47 0 0 1 e 48 12LuMoLiPeKaCa.E97
7579.8554 -1.249 14 0 1 e 49 0 0 1 e 50 12LuMoLiPeKaCa.E98
7573.7303 0.877 14 0 1 e 52 0 0 1 e 53 12LuMoLiPeKaCa.E99
7569.5262 -1.251 14 0 1 e 54 0 0 1 e 55 12LuMoLiPeKaCa.E100
7567.3917 0.356 14 0 1 e 55 0 0 1 e 56 12LuMoLiPeKaCa.E101
7565.2316 -0.235 14 0 1 e 56 0 0 1 e 57 12LuMoLiPeKaCa.E102
7563.0461 -2.831 14 0 1 e 57 0 0 1 e 58 12LuMoLiPeKaCa.E103
7652.3590 0.448 14 0 1 e 2 0 0 1 e 1 12LuMoLiPeKaCa.E104
7653.8682 0.084 14 0 1 e 4 0 0 1 e 3 12LuMoLiPeKaCa.E105
7654.5862 -1.034 14 0 1 e 5 0 0 1 e 4 12LuMoLiPeKaCa.E106
7655.2822 -0.372 14 0 1 e 6 0 0 1 e 5 12LuMoLiPeKaCa.E107
7655.9543 0.174 14 0 1 e 7 0 0 1 e 6 12LuMoLiPeKaCa.E108
7656.6018 -0.091 14 0 1 e 8 0 0 1 e 7 12LuMoLiPeKaCa.E109
7657.2255 -0.364 14 0 1 e 9 0 0 1 e 8 12LuMoLiPeKaCa.E110
7657.8265 0.457 14 0 1 e 10 0 0 1 e 9 12LuMoLiPeKaCa.E111
7658.4024 -0.022 14 0 1 e 11 0 0 1 e 10 12LuMoLiPeKaCa.E112
7658.9553 0.301 14 0 1 e 12 0 0 1 e 11 12LuMoLiPeKaCa.E113
7659.4840 0.229 14 0 1 e 13 0 0 1 e 12 12LuMoLiPeKaCa.E114
7660.4702 0.313 14 0 1 e 15 0 0 1 e 14 12LuMoLiPeKaCa.E115
7660.9272 -0.023 14 0 1 e 16 0 0 1 e 15 12LuMoLiPeKaCa.E116
7661.3597 -1.043 14 0 1 e 17 0 0 1 e 16 12LuMoLiPeKaCa.E117
7661.7688 -1.641 14 0 1 e 18 0 0 1 e 17 12LuMoLiPeKaCa.E118
7662.1565 0.184 14 0 1 e 19 0 0 1 e 18 12LuMoLiPeKaCa.E119
7662.5174 -0.965 14 0 1 e 20 0 0 1 e 19 12LuMoLiPeKaCa.E120
7662.8568 0.215 14 0 1 e 21 0 0 1 e 20 12LuMoLiPeKaCa.E121
7663.1703 -0.674 14 0 1 e 22 0 0 1 e 21 12LuMoLiPeKaCa.E122
7663.4629 1.371 14 0 1 e 23 0 0 1 e 22 12LuMoLiPeKaCa.E123
7663.7280 -0.247 14 0 1 e 24 0 0 1 e 23 12LuMoLiPeKaCa.E124
7663.9717 0.574 14 0 1 e 25 0 0 1 e 24 12LuMoLiPeKaCa.E125
7664.1891 -1.065 14 0 1 e 26 0 0 1 e 25 12LuMoLiPeKaCa.E126
7664.3849 -0.460 14 0 1 e 27 0 0 1 e 26 12LuMoLiPeKaCa.E127
7664.5572 0.489 14 0 1 e 28 0 0 1 e 27 12LuMoLiPeKaCa.E128
7664.7039 -0.314 14 0 1 e 29 0 0 1 e 28 12LuMoLiPeKaCa.E129
7664.8275 -0.367 14 0 1 e 30 0 0 1 e 29 12LuMoLiPeKaCa.E130
7664.9273 -0.370 14 0 1 e 31 0 0 1 e 30 12LuMoLiPeKaCa.E131
7665.0038 0.181 14 0 1 e 32 0 0 1 e 31 12LuMoLiPeKaCa.E132
7665.0569 1.186 14 0 1 e 33 0 0 1 e 32 12LuMoLiPeKaCa.E133
7665.0859 1.947 14 0 1 e 34 0 0 1 e 33 12LuMoLiPeKaCa.E134
7665.0254 -0.116 14 0 1 e 37 0 0 1 e 36 12LuMoLiPeKaCa.E135
7664.7520 -0.321 14 0 1 e 40 0 0 1 e 39 12LuMoLiPeKaCa.E136
7664.6139 0.374 14 0 1 e 41 0 0 1 e 40 12LuMoLiPeKaCa.E137
7664.2614 -2.937 14 0 1 e 43 0 0 1 e 42 12LuMoLiPeKaCa.E138
7664.0448 -9.140 14 0 1 e 44 0 0 1 e 43 12LuMoLiPeKaCa.E139
7663.8197 0.026 14 0 1 e 45 0 0 1 e 44 12LuMoLiPeKaCa.E140
7663.2800 0.469 14 0 1 e 47 0 0 1 e 46 12LuMoLiPeKaCa.E141
7662.9768 3.146 14 0 1 e 48 0 0 1 e 47 12LuMoLiPeKaCa.E142
7662.6425 -1.406 14 0 1 e 49 0 0 1 e 48 12LuMoLiPeKaCa.E143
7661.9121 -0.693 14 0 1 e 51 0 0 1 e 50 12LuMoLiPeKaCa.E144
7661.5134 1.972 14 0 1 e 52 0 0 1 e 51 12LuMoLiPeKaCa.E145
7660.1676 3.502 14 0 1 e 55 0 0 1 e 54 12LuMoLiPeKaCa.E146
7611.5020 -2.880 15 1 1 e 3 1 1 1 e 4 12LuMoLiPeKaCa.F1
7609.6162 -1.600 15 1 1 e 5 1 1 1 e 6 12LuMoLiPeKaCa.F2
7608.6351 -4.073 15 1 1 e 6 1 1 1 e 7 12LuMoLiPeKaCa.F3
7607.6361 -1.060 15 1 1 e 7 1 1 1 e 8 12LuMoLiPeKaCa.F4
7606.6100 -1.768 15 1 1 e 8 1 1 1 e 9 12LuMoLiPeKaCa.F5
7605.5613 -1.701 15 1 1 e 9 1 1 1 e 10 12LuMoLiPeKaCa.F6
7604.4902 -0.664 15 1 1 e 10 1 1 1 e 11 12LuMoLiPeKaCa.F7
7603.3954 0.037 15 1 1 e 11 1 1 1 e 12 12LuMoLiPeKaCa.F8
7602.2758 -0.703 15 1 1 e 12 1 1 1 e 13 12LuMoLiPeKaCa.F9
7601.1348 0.511 15 1 1 e 13 1 1 1 e 14 12LuMoLiPeKaCa.F10
7599.9690 0.272 15 1 1 e 14 1 1 1 e 15 12LuMoLiPeKaCa.F11
7598.7800 0.175 15 1 1 e 15 1 1 1 e 16 12LuMoLiPeKaCa.F12
7597.5683 0.713 15 1 1 e 16 1 1 1 e 17 12LuMoLiPeKaCa.F13
7596.3302 -1.818 15 1 1 e 17 1 1 1 e 18 12LuMoLiPeKaCa.F14
7595.0742 1.075 15 1 1 e 18 1 1 1 e 19 12LuMoLiPeKaCa.F15
7593.7918 0.885 15 1 1 e 19 1 1 1 e 20 12LuMoLiPeKaCa.F16
7592.4861 0.706 15 1 1 e 20 1 1 1 e 21 12LuMoLiPeKaCa.F17
7591.1569 0.333 15 1 1 e 21 1 1 1 e 22 12LuMoLiPeKaCa.F18
7588.4280 -1.026 15 1 1 e 23 1 1 1 e 24 12LuMoLiPeKaCa.F19
7587.0300 -0.324 15 1 1 e 24 1 1 1 e 25 12LuMoLiPeKaCa.F20
7585.6099 1.556 15 1 1 e 25 1 1 1 e 26 12LuMoLiPeKaCa.F21
7584.1664 3.307 15 1 1 e 26 1 1 1 e 27 12LuMoLiPeKaCa.F22
7582.6950 0.423 15 1 1 e 27 1 1 1 e 28 12LuMoLiPeKaCa.F23
7579.6882 0.417 15 1 1 e 29 1 1 1 e 30 12LuMoLiPeKaCa.F24
7578.1500 0.481 15 1 1 e 30 1 1 1 e 31 12LuMoLiPeKaCa.F25
7573.3942 -1.146 15 1 1 e 33 1 1 1 e 34 12LuMoLiPeKaCa.F26
7571.7645 0.312 15 1 1 e 34 1 1 1 e 35 12LuMoLiPeKaCa.F27
7570.1093 -0.526 15 1 1 e 35 1 1 1 e 36 12LuMoLiPeKaCa.F28
7568.4285 -3.768 15 1 1 e 36 1 1 1 e 37 12LuMoLiPeKaCa.F29
7565.0059 -1.698 15 1 1 e 38 1 1 1 e 39 12LuMoLiPeKaCa.F30
7563.2626 2.098 15 1 1 e 39 1 1 1 e 40 12LuMoLiPeKaCa.F31
7556.0416 1.025 15 1 1 e 43 1 1 1 e 44 12LuMoLiPeKaCa.F32
7548.4557 5.096 15 1 1 e 47 1 1 1 e 48 12LuMoLiPeKaCa.F33
7544.5151 -1.933 15 1 1 e 49 1 1 1 e 50 12LuMoLiPeKaCa.F34
7542.5154 -0.235 15 1 1 e 50 1 1 1 e 51 12LuMoLiPeKaCa.F35
7540.4930 1.827 15 1 1 e 51 1 1 1 e 52 12LuMoLiPeKaCa.F36
7617.3747 2.360 15 1 1 e 3 1 1 1 e 2 12LuMoLiPeKaCa.F37
7618.8412 3.247 15 1 1 e 5 1 1 1 e 4 12LuMoLiPeKaCa.F38
7619.5413 5.695 15 1 1 e 6 1 1 1 e 5 12LuMoLiPeKaCa.F39
7620.2130 3.183 15 1 1 e 7 1 1 1 e 6 12LuMoLiPeKaCa.F40
7621.4893 1.395 15 1 1 e 9 1 1 1 e 8 12LuMoLiPeKaCa.F41
7622.0935 1.727 15 1 1 e 10 1 1 1 e 9 12LuMoLiPeKaCa.F42
7623.7629 0.259 15 1 1 e 13 1 1 1 e 12 12LuMoLiPeKaCa.F43
7624.7598 0.559 15 1 1 e 15 1 1 1 e 14 12LuMoLiPeKaCa.F44
7625.2223 -0.040 15 1 1 e 16 1 1 1 e 15 12LuMoLiPeKaCa.F45
7626.0786 0.480 15 1 1 e 18 1 1 1 e 17 12LuMoLiPeKaCa.F46
7626.4702 -0.596 15 1 1 e 19 1 1 1 e 18 12LuMoLiPeKaCa.F47
7627.1859 0.188 15 1 1 e 21 1 1 1 e 20 12LuMoLiPeKaCa.F48
7628.0819 -0.061 15 1 1 e 24 1 1 1 e 23 12LuMoLiPeKaCa.F49
7628.3338 0.063 15 1 1 e 25 1 1 1 e 24 12LuMoLiPeKaCa.F50
7628.9476 -0.519 15 1 1 e 28 1 1 1 e 27 12LuMoLiPeKaCa.F51
7629.1065 0.574 15 1 1 e 29 1 1 1 e 28 12LuMoLiPeKaCa.F52
7629.3505 -0.555 15 1 1 e 31 1 1 1 e 30 12LuMoLiPeKaCa.F53
7629.4393 0.926 15 1 1 e 32 1 1 1 e 31 12LuMoLiPeKaCa.F54
7629.5586 -0.738 15 1 1 e 35 1 1 1 e 34 12LuMoLiPeKaCa.F55
7629.3900 -1.620 15 1 1 e 39 1 1 1 e 38 12LuMoLiPeKaCa.F56
7629.1697 2.946 15 1 1 e 41 1 1 1 e 40 12LuMoLiPeKaCa.F57
7628.8447 -3.183 15 1 1 e 43 1 1 1 e 42 12LuMoLiPeKaCa.F58
7628.1976 4.279 15 1 1 e 46 1 1 1 e 45 12LuMoLiPeKaCa.F59
7611.5020 2.445 15 1 1 f 3 1 1 1 f 4 12LuMoLiPeKaCa.G1
7609.6162 6.684 15 1 1 f 5 1 1 1 f 6 12LuMoLiPeKaCa.G2
7608.6351 5.643 15 1 1 f 6 1 1 1 f 7 12LuMoLiPeKaCa.G3
7607.6309 4.855 15 1 1 f 7 1 1 1 f 8 12LuMoLiPeKaCa.G4
7606.6006 1.315 15 1 1 f 8 1 1 1 f 9 12LuMoLiPeKaCa.G5
7605.5490 -0.184 15 1 1 f 9 1 1 1 f 10 12LuMoLiPeKaCa.G6
7604.4761 0.354 15 1 1 f 10 1 1 1 f 11 12LuMoLiPeKaCa.G7
7603.3795 0.522 15 1 1 f 11 1 1 1 f 12 12LuMoLiPeKaCa.G8
7601.1155 0.023 15 1 1 f 13 1 1 1 f 14 12LuMoLiPeKaCa.G9
7599.9483 -0.456 15 1 1 f 14 1 1 1 f 15 12LuMoLiPeKaCa.G10
7597.5425 -2.906 15 1 1 f 16 1 1 1 f 17 12LuMoLiPeKaCa.G11
7593.7654 -0.316 15 1 1 f 19 1 1 1 f 20 12LuMoLiPeKaCa.G12
7592.4588 -0.471 15 1 1 f 20 1 1 1 f 21 12LuMoLiPeKaCa.G13
7591.1287 -0.863 15 1 1 f 21 1 1 1 f 22 12LuMoLiPeKaCa.G14
7587.0000 -0.948 15 1 1 f 24 1 1 1 f 25 12LuMoLiPeKaCa.G15
7585.5786 0.328 15 1 1 f 25 1 1 1 f 26 12LuMoLiPeKaCa.G16
7584.1327 0.325 15 1 1 f 26 1 1 1 f 27 12LuMoLiPeKaCa.G17
7581.1714 0.451 15 1 1 f 28 1 1 1 f 29 12LuMoLiPeKaCa.G18
7579.6542 -1.238 15 1 1 f 29 1 1 1 f 30 12LuMoLiPeKaCa.G19
7578.1165 -0.240 15 1 1 f 30 1 1 1 f 31 12LuMoLiPeKaCa.G20
7576.5516 -3.266 15 1 1 f 31 1 1 1 f 32 12LuMoLiPeKaCa.G21
7573.3632 1.578 15 1 1 f 33 1 1 1 f 34 12LuMoLiPeKaCa.G22
7571.7287 -1.572 15 1 1 f 34 1 1 1 f 35 12LuMoLiPeKaCa.G23
7570.0770 1.217 15 1 1 f 35 1 1 1 f 36 12LuMoLiPeKaCa.G24
7563.2283 1.661 15 1 1 f 39 1 1 1 f 40 12LuMoLiPeKaCa.G25
7556.0098 1.700 15 1 1 f 43 1 1 1 f 44 12LuMoLiPeKaCa.G26
7552.2588 -1.727 15 1 1 f 45 1 1 1 f 46 12LuMoLiPeKaCa.G27
7550.3550 2.795 15 1 1 f 46 1 1 1 f 47 12LuMoLiPeKaCa.G28
7617.3747 -3.651 15 1 1 f 3 1 1 1 f 2 12LuMoLiPeKaCa.G29
7618.8412 -6.282 15 1 1 f 5 1 1 1 f 4 12LuMoLiPeKaCa.G30
7619.5413 -5.641 15 1 1 f 6 1 1 1 f 5 12LuMoLiPeKaCa.G31
7620.2188 -4.190 15 1 1 f 7 1 1 1 f 6 12LuMoLiPeKaCa.G32
7620.8750 -0.628 15 1 1 f 8 1 1 1 f 7 12LuMoLiPeKaCa.G33
7621.5024 -2.451 15 1 1 f 9 1 1 1 f 8 12LuMoLiPeKaCa.G34
7623.7871 -0.437 15 1 1 f 13 1 1 1 f 12 12LuMoLiPeKaCa.G35
7624.7884 0.077 15 1 1 f 15 1 1 1 f 14 12LuMoLiPeKaCa.G36
7625.2531 -0.470 15 1 1 f 16 1 1 1 f 15 12LuMoLiPeKaCa.G37
7625.6956 0.217 15 1 1 f 17 1 1 1 f 16 12LuMoLiPeKaCa.G38
7626.1144 0.638 15 1 1 f 18 1 1 1 f 17 12LuMoLiPeKaCa.G39
7626.5081 -0.605 15 1 1 f 19 1 1 1 f 18 12LuMoLiPeKaCa.G40
7626.8815 1.290 15 1 1 f 20 1 1 1 f 19 12LuMoLiPeKaCa.G41
7627.2272 -1.076 15 1 1 f 21 1 1 1 f 20 12LuMoLiPeKaCa.G42
7627.5533 0.397 15 1 1 f 22 1 1 1 f 21 12LuMoLiPeKaCa.G43
7627.8531 -0.991 15 1 1 f 23 1 1 1 f 22 12LuMoLiPeKaCa.G44
7628.1325 0.663 15 1 1 f 24 1 1 1 f 23 12LuMoLiPeKaCa.G45
7628.3869 0.758 15 1 1 f 25 1 1 1 f 24 12LuMoLiPeKaCa.G46
7628.6172 0.193 15 1 1 f 26 1 1 1 f 25 12LuMoLiPeKaCa.G47
7628.8246 0.171 15 1 1 f 27 1 1 1 f 26 12LuMoLiPeKaCa.G48
7629.0099 1.489 15 1 1 f 28 1 1 1 f 27 12LuMoLiPeKaCa.G49
7629.1697 0.749 15 1 1 f 29 1 1 1 f 28 12LuMoLiPeKaCa.G50
7629.3041 -1.951 15 1 1 f 30 1 1 1 f 29 12LuMoLiPeKaCa.G51
7629.4204 0.689 15 1 1 f 31 1 1 1 f 30 12LuMoLiPeKaCa.G52
7629.5734 -3.313 15 1 1 f 33 1 1 1 f 32 12LuMoLiPeKaCa.G53
7629.6181 -1.957 15 1 1 f 34 1 1 1 f 33 12LuMoLiPeKaCa.G54
7629.6397 -0.266 15 1 1 f 35 1 1 1 f 34 12LuMoLiPeKaCa.G55
7629.6397 3.261 15 1 1 f 36 1 1 1 f 35 12LuMoLiPeKaCa.G56
7629.5586 -0.489 15 1 1 f 38 1 1 1 f 37 12LuMoLiPeKaCa.G57
7629.3900 1.981 15 1 1 f 40 1 1 1 f 39 12LuMoLiPeKaCa.G58
7629.1207 -2.549 15 1 1 f 42 1 1 1 f 41 12LuMoLiPeKaCa.G59
7627.1305 2.920 15 1 1 f 50 1 1 1 f 49 12LuMoLiPeKaCa.G60
