5746.071754 0.001 10 0 6 e 53 0 0 1 e 54 16KaCaKaPeTa.1
5747.230911 0.001 11 1 6 f 43 1 1 1 f 44 16KaCaKaPeTa.2
5748.343382 0.001 11 1 6 e 41 1 1 1 e 42 16KaCaKaPeTa.3
5748.556711 0.001 11 1 6 f 42 1 1 1 f 43 16KaCaKaPeTa.4
5751.085573 0.001 11 1 6 e 39 1 1 1 e 40 16KaCaKaPeTa.5
5751.175144 0.001 11 1 6 f 40 1 1 1 f 41 16KaCaKaPeTa.6
5752.018569 0.001 10 0 6 e 49 0 0 1 e 50 16KaCaKaPeTa.7
5752.434823 0.001 11 1 6 e 38 1 1 1 e 39 16KaCaKaPeTa.8
5752.466045 0.001 11 1 6 f 39 1 1 1 f 40 16KaCaKaPeTa.9
5753.471080 0.001 10 0 6 e 48 0 0 1 e 49 16KaCaKaPeTa.10
5753.748557 0.001 11 1 6 f 38 1 1 1 f 39 16KaCaKaPeTa.11
5753.773359 0.001 11 1 6 e 37 1 1 1 e 38 16KaCaKaPeTa.12
5755.016486 0.001 11 1 6 f 37 1 1 1 f 38 16KaCaKaPeTa.13
5755.093126 0.001 11 1 6 e 36 1 1 1 e 37 16KaCaKaPeTa.14
5756.273132 0.001 11 1 6 f 36 1 1 1 f 37 16KaCaKaPeTa.15
5756.334066 0.001 10 0 6 e 46 0 0 1 e 47 16KaCaKaPeTa.16
5756.404822 0.001 11 1 6 e 35 1 1 1 e 36 16KaCaKaPeTa.17
5757.517614 0.001 11 1 6 f 35 1 1 1 f 36 16KaCaKaPeTa.18
5757.698346 0.001 11 1 6 e 34 1 1 1 e 35 16KaCaKaPeTa.19
5757.747918 0.001 10 0 6 e 45 0 0 1 e 46 16KaCaKaPeTa.20
5758.753252 0.001 11 1 6 f 34 1 1 1 f 35 16KaCaKaPeTa.21
5759.975251 0.001 11 1 6 f 33 1 1 1 f 34 16KaCaKaPeTa.22
5760.252622 0.001 11 1 6 e 32 1 1 1 e 33 16KaCaKaPeTa.23
5760.532164 0.001 10 0 6 e 43 0 0 1 e 44 16KaCaKaPeTa.24
5761.184474 0.001 11 1 6 f 32 1 1 1 f 33 16KaCaKaPeTa.25
5761.507540 0.001 11 1 6 e 31 1 1 1 e 32 16KaCaKaPeTa.26
5761.904279 0.001 10 0 6 e 42 0 0 1 e 43 16KaCaKaPeTa.27
5762.384079 0.001 11 1 6 f 31 1 1 1 f 32 16KaCaKaPeTa.28
5762.753067 0.001 11 1 6 e 30 1 1 1 e 31 16KaCaKaPeTa.29
5763.263652 0.001 10 0 6 e 41 0 0 1 e 42 16KaCaKaPeTa.30
5763.571589 0.001 11 1 6 f 30 1 1 1 f 31 16KaCaKaPeTa.31
5763.981270 0.001 11 1 6 e 29 1 1 1 e 30 16KaCaKaPeTa.32
5764.609164 0.001 10 0 6 e 40 0 0 1 e 41 16KaCaKaPeTa.33
5764.747307 0.001 11 1 6 f 29 1 1 1 f 30 16KaCaKaPeTa.34
5765.198120 0.001 11 1 6 e 28 1 1 1 e 29 16KaCaKaPeTa.35
5765.911489 0.001 11 1 6 f 28 1 1 1 f 29 16KaCaKaPeTa.36
5765.941364 0.001 10 0 6 e 39 0 0 1 e 40 16KaCaKaPeTa.37
5767.064841 0.001 11 1 6 f 27 1 1 1 f 28 16KaCaKaPeTa.38
5767.589772 0.001 11 1 6 e 26 1 1 1 e 27 16KaCaKaPeTa.39
5768.207225 0.001 11 1 6 f 26 1 1 1 f 27 16KaCaKaPeTa.40
5768.567080 0.001 10 0 6 e 37 0 0 1 e 38 16KaCaKaPeTa.41
5768.765516 0.001 11 1 6 e 25 1 1 1 e 26 16KaCaKaPeTa.42
5769.335675 0.001 11 1 6 f 25 1 1 1 f 26 16KaCaKaPeTa.43
5769.860899 0.001 10 0 6 e 36 0 0 1 e 37 16KaCaKaPeTa.44
5769.929868 0.001 11 1 6 e 24 1 1 1 e 25 16KaCaKaPeTa.45
5770.452634 0.001 11 1 6 f 24 1 1 1 f 25 16KaCaKaPeTa.46
5771.079412 0.001 11 1 6 e 23 1 1 1 e 24 16KaCaKaPeTa.47
5771.142216 0.001 10 0 6 e 35 0 0 1 e 36 16KaCaKaPeTa.48
5771.562235 0.001 11 1 6 f 23 1 1 1 f 24 16KaCaKaPeTa.49
5772.214556 0.001 11 1 6 e 22 1 1 1 e 23 16KaCaKaPeTa.50
5772.407791 0.001 10 0 6 e 34 0 0 1 e 35 16KaCaKaPeTa.51
5772.656185 0.001 11 1 6 f 22 1 1 1 f 23 16KaCaKaPeTa.52
5778.553009 0.001 10 0 6 e 29 0 0 1 e 30 16KaCaKaPeTa.53
5778.752964 0.001 11 1 6 e 16 1 1 1 e 17 16KaCaKaPeTa.54
5778.989321 0.001 11 1 6 f 16 1 1 1 f 17 16KaCaKaPeTa.55
5779.742859 0.001 10 0 6 e 28 0 0 1 e 29 16KaCaKaPeTa.56
5779.795679 0.001 11 1 6 e 15 1 1 1 e 16 16KaCaKaPeTa.57
5780.004052 0.001 11 1 6 f 15 1 1 1 f 16 16KaCaKaPeTa.58
5780.824649 0.001 11 1 6 e 14 1 1 1 e 15 16KaCaKaPeTa.59
5780.920172 0.001 10 0 6 e 27 0 0 1 e 28 16KaCaKaPeTa.60
5781.006414 0.001 11 1 6 f 14 1 1 1 f 15 16KaCaKaPeTa.61
5781.840305 0.001 11 1 6 e 13 1 1 1 e 14 16KaCaKaPeTa.62
5781.998732 0.001 11 1 6 f 13 1 1 1 f 14 16KaCaKaPeTa.63
5782.086431 0.001 10 0 6 e 26 0 0 1 e 27 16KaCaKaPeTa.64
5782.838886 0.001 11 1 6 e 12 1 1 1 e 13 16KaCaKaPeTa.65
5782.977842 0.001 11 1 6 f 12 1 1 1 f 13 16KaCaKaPeTa.66
5783.239135 0.001 10 0 6 e 25 0 0 1 e 26 16KaCaKaPeTa.67
5783.830743 0.001 11 1 6 e 11 1 1 1 e 12 16KaCaKaPeTa.68
5783.946661 0.001 11 1 6 f 11 1 1 1 f 12 16KaCaKaPeTa.69
5784.379830 0.001 10 0 6 e 24 0 0 1 e 25 16KaCaKaPeTa.70
5784.805913 0.001 11 1 6 e 10 1 1 1 e 11 16KaCaKaPeTa.71
5784.902623 0.001 11 1 6 f 10 1 1 1 f 11 16KaCaKaPeTa.72
5785.507199 0.001 10 0 6 e 23 0 0 1 e 24 16KaCaKaPeTa.73
5785.767396 0.001 11 1 6 e 9 1 1 1 e 10 16KaCaKaPeTa.74
5785.846049 0.001 11 1 6 f 9 1 1 1 f 10 16KaCaKaPeTa.75
5786.622567 0.001 10 0 6 e 22 0 0 1 e 23 16KaCaKaPeTa.76
5786.716251 0.001 11 1 6 e 8 1 1 1 e 9 16KaCaKaPeTa.77
5786.778589 0.001 11 1 6 f 8 1 1 1 f 9 16KaCaKaPeTa.78
5787.650564 0.001 11 1 6 e 7 1 1 1 e 8 16KaCaKaPeTa.79
5787.700390 0.001 11 1 6 f 7 1 1 1 f 8 16KaCaKaPeTa.80
5787.725883 0.001 10 0 6 e 21 0 0 1 e 22 16KaCaKaPeTa.81
5788.573558 0.001 11 1 6 e 6 1 1 1 e 7 16KaCaKaPeTa.82
5788.609561 0.001 11 1 6 f 6 1 1 1 f 7 16KaCaKaPeTa.83
5788.817065 0.001 10 0 6 e 20 0 0 1 e 21 16KaCaKaPeTa.84
5789.482815 0.001 11 1 6 e 5 1 1 1 e 6 16KaCaKaPeTa.85
5789.507873 0.001 11 1 6 f 5 1 1 1 f 6 16KaCaKaPeTa.86
5789.895520 0.001 10 0 6 e 19 0 0 1 e 20 16KaCaKaPeTa.87
5790.378742 0.001 11 1 6 e 4 1 1 1 e 5 16KaCaKaPeTa.88
5790.395144 0.001 11 1 6 f 4 1 1 1 f 5 16KaCaKaPeTa.89
5790.961723 0.001 10 0 6 e 18 0 0 1 e 19 16KaCaKaPeTa.90
5791.266187 0.001 11 1 6 e 3 1 1 1 e 4 16KaCaKaPeTa.91
5792.015851 0.001 10 0 6 e 17 0 0 1 e 18 16KaCaKaPeTa.92
5792.137049 0.001 11 1 6 e 2 1 1 1 e 3 16KaCaKaPeTa.93
5793.057779 0.001 10 0 6 e 16 0 0 1 e 17 16KaCaKaPeTa.94
5794.088128 0.001 10 0 6 e 15 0 0 1 e 16 16KaCaKaPeTa.95
5794.610544 0.001 11 1 6 e 3 1 1 1 f 3 16KaCaKaPeTa.96
5795.106008 0.001 10 0 6 e 14 0 0 1 e 15 16KaCaKaPeTa.97
5796.111564 0.001 10 0 6 e 13 0 0 1 e 14 16KaCaKaPeTa.98
5797.104852 0.001 10 0 6 e 12 0 0 1 e 13 16KaCaKaPeTa.99
5797.131563 0.001 11 1 6 e 3 1 1 1 e 2 16KaCaKaPeTa.100
5797.152503 0.001 11 1 6 f 3 1 1 1 f 2 16KaCaKaPeTa.101
5797.923686 0.001 11 1 6 e 4 1 1 1 e 3 16KaCaKaPeTa.102
5798.086233 0.001 10 0 6 e 11 0 0 1 e 12 16KaCaKaPeTa.103
5798.746115 0.001 11 1 6 f 5 1 1 1 f 4 16KaCaKaPeTa.104
5799.054395 0.001 10 0 6 e 10 0 0 1 e 11 16KaCaKaPeTa.105
5799.469481 0.001 11 1 6 e 6 1 1 1 e 5 16KaCaKaPeTa.106
5799.527104 0.001 11 1 6 f 6 1 1 1 f 5 16KaCaKaPeTa.107
5800.012542 0.001 10 0 6 e 9 0 0 1 e 10 16KaCaKaPeTa.108
5800.225467 0.001 11 1 6 e 7 1 1 1 e 6 16KaCaKaPeTa.109
5800.297215 0.001 11 1 6 f 7 1 1 1 f 6 16KaCaKaPeTa.110
5800.958316 0.001 10 0 6 e 8 0 0 1 e 9 16KaCaKaPeTa.111
5801.057884 0.001 11 1 6 f 8 1 1 1 f 7 16KaCaKaPeTa.112
5801.690437 0.001 11 1 6 e 9 1 1 1 e 8 16KaCaKaPeTa.113
5801.803738 0.001 11 1 6 f 9 1 1 1 f 8 16KaCaKaPeTa.114
5801.891658 0.001 10 0 6 e 7 0 0 1 e 8 16KaCaKaPeTa.115
5802.406714 0.001 11 1 6 e 10 1 1 1 e 9 16KaCaKaPeTa.116
5802.537107 0.001 11 1 6 f 10 1 1 1 f 9 16KaCaKaPeTa.117
5802.809587 0.001 10 0 6 e 6 0 0 1 e 7 16KaCaKaPeTa.118
5803.107629 0.001 11 1 6 e 11 1 1 1 e 10 16KaCaKaPeTa.119
5803.260826 0.001 11 1 6 f 11 1 1 1 f 10 16KaCaKaPeTa.120
5803.721941 0.001 10 0 6 e 5 0 0 1 e 6 16KaCaKaPeTa.121
5803.794583 0.001 11 1 6 e 12 1 1 1 e 11 16KaCaKaPeTa.122
5803.971514 0.001 11 1 6 f 12 1 1 1 f 11 16KaCaKaPeTa.123
5804.468183 0.001 11 1 6 e 13 1 1 1 e 12 16KaCaKaPeTa.124
5804.619330 0.001 10 0 6 e 4 0 0 1 e 5 16KaCaKaPeTa.125
5804.671259 0.001 11 1 6 f 13 1 1 1 f 12 16KaCaKaPeTa.126
5805.357673 0.001 11 1 6 f 14 1 1 1 f 13 16KaCaKaPeTa.127
5805.506039 0.001 10 0 6 e 3 0 0 1 e 4 16KaCaKaPeTa.128
5805.774481 0.001 11 1 6 e 15 1 1 1 e 14 16KaCaKaPeTa.129
5806.033011 0.001 11 1 6 f 15 1 1 1 f 14 16KaCaKaPeTa.130
5806.379180 0.001 10 0 6 e 2 0 0 1 e 3 16KaCaKaPeTa.131
5806.407144 0.001 11 1 6 e 16 1 1 1 e 15 16KaCaKaPeTa.132
5806.696578 0.001 11 1 6 f 16 1 1 1 f 15 16KaCaKaPeTa.133
5807.026154 0.001 11 1 6 e 17 1 1 1 e 16 16KaCaKaPeTa.134
5807.348820 0.001 11 1 6 f 17 1 1 1 f 16 16KaCaKaPeTa.135
5807.988621 0.001 11 1 6 f 18 1 1 1 f 17 16KaCaKaPeTa.136
5808.222961 0.001 11 1 6 e 19 1 1 1 e 18 16KaCaKaPeTa.137
5808.617598 0.001 11 1 6 f 19 1 1 1 f 18 16KaCaKaPeTa.138
5808.801857 0.001 11 1 6 e 20 1 1 1 e 19 16KaCaKaPeTa.139
5809.235275 0.001 11 1 6 f 20 1 1 1 f 19 16KaCaKaPeTa.140
5809.367248 0.001 11 1 6 e 21 1 1 1 e 20 16KaCaKaPeTa.141
5809.840696 0.001 11 1 6 f 21 1 1 1 f 20 16KaCaKaPeTa.142
5809.919419 0.001 11 1 6 e 22 1 1 1 e 21 16KaCaKaPeTa.143
5810.434949 0.001 11 1 6 f 22 1 1 1 f 21 16KaCaKaPeTa.144
5810.569419 0.001 10 0 6 e 2 0 0 1 e 1 16KaCaKaPeTa.145
5811.016094 0.001 11 1 6 f 23 1 1 1 f 22 16KaCaKaPeTa.146
5811.373286 0.001 10 0 6 e 3 0 0 1 e 2 16KaCaKaPeTa.147
5811.583594 0.001 11 1 6 f 24 1 1 1 f 23 16KaCaKaPeTa.148
5811.989677 0.001 11 1 6 e 26 1 1 1 e 25 16KaCaKaPeTa.149
5812.143697 0.001 11 1 6 f 25 1 1 1 f 24 16KaCaKaPeTa.150
5812.161706 0.001 10 0 6 e 4 0 0 1 e 3 16KaCaKaPeTa.151
5812.689670 0.001 11 1 6 f 26 1 1 1 f 25 16KaCaKaPeTa.152
5812.940263 0.001 10 0 6 e 5 0 0 1 e 4 16KaCaKaPeTa.153
5813.225450 0.001 11 1 6 f 27 1 1 1 f 26 16KaCaKaPeTa.154
5813.400683 0.001 11 1 6 e 29 1 1 1 e 28 16KaCaKaPeTa.155
5813.706355 0.001 10 0 6 e 6 0 0 1 e 5 16KaCaKaPeTa.156
5813.750250 0.001 11 1 6 f 28 1 1 1 f 27 16KaCaKaPeTa.157
5813.843044 0.001 11 1 6 e 30 1 1 1 e 29 16KaCaKaPeTa.158
5814.273338 0.001 11 1 6 e 31 1 1 1 e 30 16KaCaKaPeTa.159
5814.460574 0.001 10 0 6 e 7 0 0 1 e 6 16KaCaKaPeTa.160
5814.688171 0.001 11 1 6 e 32 1 1 1 e 31 16KaCaKaPeTa.161
5814.761230 0.001 11 1 6 f 30 1 1 1 f 29 16KaCaKaPeTa.162
5815.203236 0.001 10 0 6 e 8 0 0 1 e 7 16KaCaKaPeTa.163
5815.249683 0.001 11 1 6 f 31 1 1 1 f 30 16KaCaKaPeTa.164
5815.724927 0.001 11 1 6 f 32 1 1 1 f 31 16KaCaKaPeTa.165
5815.855185 0.001 11 1 6 e 35 1 1 1 e 34 16KaCaKaPeTa.166
5815.932673 0.001 10 0 6 e 9 0 0 1 e 8 16KaCaKaPeTa.167
5816.190301 0.001 11 1 6 f 33 1 1 1 f 32 16KaCaKaPeTa.168
5816.212195 0.001 11 1 6 e 36 1 1 1 e 35 16KaCaKaPeTa.169
5816.563819 0.001 11 1 6 e 37 1 1 1 e 36 16KaCaKaPeTa.170
5816.643510 0.001 11 1 6 f 34 1 1 1 f 33 16KaCaKaPeTa.171
5816.650764 0.001 10 0 6 e 10 0 0 1 e 9 16KaCaKaPeTa.172
5816.891896 0.001 11 1 6 e 38 1 1 1 e 37 16KaCaKaPeTa.173
5817.082277 0.001 11 1 6 f 35 1 1 1 f 34 16KaCaKaPeTa.174
5817.215715 0.001 11 1 6 e 39 1 1 1 e 38 16KaCaKaPeTa.175
5817.357168 0.001 10 0 6 e 11 0 0 1 e 10 16KaCaKaPeTa.176
5817.523594 0.001 11 1 6 e 40 1 1 1 e 39 16KaCaKaPeTa.177
5817.928525 0.001 11 1 6 f 37 1 1 1 f 36 16KaCaKaPeTa.178
5818.051053 0.001 10 0 6 e 12 0 0 1 e 11 16KaCaKaPeTa.179
5818.092083 0.001 11 1 6 e 42 1 1 1 e 41 16KaCaKaPeTa.180
5818.332592 0.001 11 1 6 f 38 1 1 1 f 37 16KaCaKaPeTa.181
5818.356567 0.001 11 1 6 e 43 1 1 1 e 42 16KaCaKaPeTa.182
5818.605293 0.001 11 1 6 e 44 1 1 1 e 43 16KaCaKaPeTa.183
5818.734957 0.001 10 0 6 e 13 0 0 1 e 12 16KaCaKaPeTa.184
5819.070340 0.001 11 1 6 e 46 1 1 1 e 45 16KaCaKaPeTa.185
5819.402437 0.001 10 0 6 e 14 0 0 1 e 13 16KaCaKaPeTa.186
5819.473911 0.001 11 1 6 e 48 1 1 1 e 47 16KaCaKaPeTa.187
5819.818728 0.001 11 1 6 e 50 1 1 1 e 49 16KaCaKaPeTa.188
5820.059406 0.001 10 0 6 e 15 0 0 1 e 14 16KaCaKaPeTa.189
5820.704306 0.001 10 0 6 e 16 0 0 1 e 15 16KaCaKaPeTa.190
5820.781775 0.001 12 0 12 e 36 2 0 2 e 37 16KaCaKaPeTa.191
5820.825547 0.001 11 1 6 f 45 1 1 1 f 44 16KaCaKaPeTa.192
5821.337314 0.001 10 0 6 e 17 0 0 1 e 16 16KaCaKaPeTa.193
5821.958213 0.001 10 0 6 e 18 0 0 1 e 17 16KaCaKaPeTa.194
5822.226440 0.001 12 0 12 e 35 2 0 2 e 36 16KaCaKaPeTa.195
5822.235969 0.001 11 1 6 f 50 1 1 1 f 49 16KaCaKaPeTa.196
5822.566174 0.001 10 0 6 e 19 0 0 1 e 18 16KaCaKaPeTa.197
5823.161653 0.001 10 0 6 e 20 0 0 1 e 19 16KaCaKaPeTa.198
5823.659267 0.001 12 0 12 e 34 2 0 2 e 35 16KaCaKaPeTa.199
5823.744638 0.001 10 0 6 e 21 0 0 1 e 20 16KaCaKaPeTa.200
5824.314907 0.001 10 0 6 e 22 0 0 1 e 21 16KaCaKaPeTa.201
5824.875588 0.001 10 0 6 e 23 0 0 1 e 22 16KaCaKaPeTa.202
5825.071081 0.001 12 0 12 e 33 2 0 2 e 34 16KaCaKaPeTa.203
5825.418602 0.001 10 0 6 e 24 0 0 1 e 23 16KaCaKaPeTa.204
5825.951837 0.001 10 0 6 e 25 0 0 1 e 24 16KaCaKaPeTa.205
5825.969519 0.001 10 0 8 e 63 0 0 1 e 64 16KaCaKaPeTa.206
5826.472705 0.001 10 0 6 e 26 0 0 1 e 25 16KaCaKaPeTa.207
5826.978881 0.001 10 0 6 e 27 0 0 1 e 26 16KaCaKaPeTa.208
5827.473753 0.001 10 0 6 e 28 0 0 1 e 27 16KaCaKaPeTa.209
5827.955836 0.001 10 0 6 e 29 0 0 1 e 28 16KaCaKaPeTa.210
5828.425695 0.001 10 0 6 e 30 0 0 1 e 29 16KaCaKaPeTa.211
5828.880328 0.001 10 0 6 e 31 0 0 1 e 30 16KaCaKaPeTa.212
5829.323087 0.001 10 0 6 e 32 0 0 1 e 31 16KaCaKaPeTa.213
5829.752249 0.001 10 0 6 e 33 0 0 1 e 32 16KaCaKaPeTa.214
5830.169339 0.001 10 0 6 e 34 0 0 1 e 33 16KaCaKaPeTa.215
5830.556164 0.001 12 0 12 e 29 2 0 2 e 30 16KaCaKaPeTa.216
5830.572533 0.001 10 0 6 e 35 0 0 1 e 34 16KaCaKaPeTa.217
5830.962875 0.001 10 0 6 e 36 0 0 1 e 35 16KaCaKaPeTa.218
5831.340240 0.001 10 0 6 e 37 0 0 1 e 36 16KaCaKaPeTa.219
5831.687711 0.001 10 0 8 e 60 0 0 1 e 61 16KaCaKaPeTa.220
5831.702976 0.001 10 0 6 e 38 0 0 1 e 37 16KaCaKaPeTa.221
5831.881997 0.001 12 0 12 e 28 2 0 2 e 29 16KaCaKaPeTa.222
5832.389694 0.001 10 0 6 e 40 0 0 1 e 39 16KaCaKaPeTa.223
5832.713100 0.001 10 0 6 e 41 0 0 1 e 40 16KaCaKaPeTa.224
5833.022103 0.001 10 0 6 e 42 0 0 1 e 41 16KaCaKaPeTa.225
5833.198124 0.001 12 0 12 e 27 2 0 2 e 28 16KaCaKaPeTa.226
5833.318979 0.001 10 0 6 e 43 0 0 1 e 42 16KaCaKaPeTa.227
5833.601005 0.001 10 0 6 e 44 0 0 1 e 43 16KaCaKaPeTa.228
5833.869881 0.001 10 0 6 e 45 0 0 1 e 44 16KaCaKaPeTa.229
5834.124037 0.001 10 0 6 e 46 0 0 1 e 45 16KaCaKaPeTa.230
5834.365163 0.001 10 0 6 e 47 0 0 1 e 46 16KaCaKaPeTa.231
5834.592860 0.001 10 0 6 e 48 0 0 1 e 47 16KaCaKaPeTa.232
5834.805606 0.001 10 0 6 e 49 0 0 1 e 48 16KaCaKaPeTa.233
5835.005148 0.001 10 0 6 e 50 0 0 1 e 49 16KaCaKaPeTa.234
5835.422146 0.001 10 0 8 e 58 0 0 1 e 59 16KaCaKaPeTa.235
5835.773899 0.001 12 0 12 e 25 2 0 2 e 26 16KaCaKaPeTa.236
5835.789114 0.001 10 0 6 e 55 0 0 1 e 54 16KaCaKaPeTa.237
5837.037606 0.001 12 0 12 e 24 2 0 2 e 25 16KaCaKaPeTa.238
5837.263059 0.001 10 0 8 e 57 0 0 1 e 58 16KaCaKaPeTa.239
5838.558904 0.001 11 1 8 e 57 1 1 1 e 58 16KaCaKaPeTa.240
5839.086611 0.001 10 0 8 e 56 0 0 1 e 57 16KaCaKaPeTa.241
5839.508160 0.001 12 0 12 e 22 2 0 2 e 23 16KaCaKaPeTa.242
5840.372626 0.001 11 1 8 e 56 1 1 1 e 57 16KaCaKaPeTa.243
5840.894563 0.001 10 0 8 e 55 0 0 1 e 56 16KaCaKaPeTa.244
5841.913605 0.001 12 0 12 e 20 2 0 2 e 21 16KaCaKaPeTa.245
5842.683917 0.001 10 0 8 e 54 0 0 1 e 55 16KaCaKaPeTa.246
5844.459950 0.001 10 0 8 e 53 0 0 1 e 54 16KaCaKaPeTa.247
5845.394664 0.001 12 0 12 e 17 2 0 2 e 18 16KaCaKaPeTa.248
5846.217230 0.001 10 0 8 e 52 0 0 1 e 53 16KaCaKaPeTa.249
5846.521019 0.001 12 0 12 e 16 2 0 2 e 17 16KaCaKaPeTa.250
5858.046408 0.001 10 0 8 e 45 0 0 1 e 46 16KaCaKaPeTa.251
5859.604184 0.001 12 0 12 e 3 2 0 2 e 4 16KaCaKaPeTa.252
5859.668208 0.001 10 0 8 e 44 0 0 1 e 45 16KaCaKaPeTa.253
5859.786709 0.001 11 1 8 f 45 1 1 1 f 46 16KaCaKaPeTa.254
5860.795901 0.001 11 1 8 e 44 1 1 1 e 45 16KaCaKaPeTa.255
5861.271707 0.001 10 0 8 e 43 0 0 1 e 44 16KaCaKaPeTa.256
5862.860359 0.001 10 0 8 e 42 0 0 1 e 43 16KaCaKaPeTa.257
5863.964713 0.001 11 1 8 e 42 1 1 1 e 43 16KaCaKaPeTa.258
5864.430275 0.001 10 0 8 e 41 0 0 1 e 42 16KaCaKaPeTa.259
5865.524739 0.001 11 1 8 e 41 1 1 1 e 42 16KaCaKaPeTa.260
5865.983088 0.001 10 0 8 e 40 0 0 1 e 41 16KaCaKaPeTa.261
5866.009743 0.001 11 1 8 f 41 1 1 1 f 42 16KaCaKaPeTa.262
5866.955008 0.001 12 0 12 e 5 2 0 2 e 4 16KaCaKaPeTa.263
5867.519646 0.001 10 0 8 e 39 0 0 1 e 40 16KaCaKaPeTa.264
5869.773996 0.001 12 0 12 e 9 2 0 2 e 8 16KaCaKaPeTa.265
5870.539993 0.001 10 0 8 e 37 0 0 1 e 38 16KaCaKaPeTa.266
5871.081694 0.001 12 0 12 e 11 2 0 2 e 10 16KaCaKaPeTa.267
5872.024499 0.001 10 0 8 e 36 0 0 1 e 37 16KaCaKaPeTa.268
5872.910029 0.001 12 0 12 e 14 2 0 2 e 13 16KaCaKaPeTa.269
5873.066855 0.001 11 1 8 e 36 1 1 1 e 37 16KaCaKaPeTa.270
5873.427336 0.001 11 1 8 f 36 1 1 1 f 37 16KaCaKaPeTa.271
5873.491785 0.001 10 0 8 e 35 0 0 1 e 36 16KaCaKaPeTa.272
5874.045390 0.001 12 0 12 e 16 2 0 2 e 15 16KaCaKaPeTa.273
5874.584610 0.001 12 0 12 e 17 2 0 2 e 16 16KaCaKaPeTa.274
5874.862327 0.001 11 1 8 f 35 1 1 1 f 36 16KaCaKaPeTa.275
5875.109507 0.001 12 0 12 e 18 2 0 2 e 17 16KaCaKaPeTa.276
5876.374415 0.001 10 0 8 e 33 0 0 1 e 34 16KaCaKaPeTa.277
5877.471254 0.001 12 0 12 e 23 2 0 2 e 22 16KaCaKaPeTa.278
5877.789621 0.001 10 0 8 e 32 0 0 1 e 33 16KaCaKaPeTa.279
5877.887276 0.001 12 0 12 e 24 2 0 2 e 23 16KaCaKaPeTa.280
5878.294793 0.001 12 0 12 e 25 2 0 2 e 24 16KaCaKaPeTa.281
5878.683508 0.001 12 0 12 e 26 2 0 2 e 25 16KaCaKaPeTa.282
5879.073126 0.001 11 1 8 f 32 1 1 1 f 33 16KaCaKaPeTa.283
5879.405419 0.001 12 0 12 e 28 2 0 2 e 27 16KaCaKaPeTa.284
5879.740846 0.001 12 0 12 e 29 2 0 2 e 28 16KaCaKaPeTa.285
5880.060163 0.001 12 0 12 e 30 2 0 2 e 29 16KaCaKaPeTa.286
5880.567672 0.001 10 0 8 e 30 0 0 1 e 31 16KaCaKaPeTa.287
5881.556057 0.001 11 1 8 e 30 1 1 1 e 31 16KaCaKaPeTa.288
5881.931522 0.001 10 0 8 e 29 0 0 1 e 30 16KaCaKaPeTa.289
5884.251176 0.001 11 1 8 e 28 1 1 1 e 29 16KaCaKaPeTa.290
5884.455339 0.001 11 1 8 f 28 1 1 1 f 29 16KaCaKaPeTa.291
5884.606709 0.001 10 0 8 e 27 0 0 1 e 28 16KaCaKaPeTa.292
5885.759412 0.001 11 1 8 f 27 1 1 1 f 28 16KaCaKaPeTa.293
5885.918054 0.001 10 0 8 e 26 0 0 1 e 27 16KaCaKaPeTa.294
5886.876632 0.001 11 1 8 e 26 1 1 1 e 27 16KaCaKaPeTa.295
5887.048442 0.001 11 1 8 f 26 1 1 1 f 27 16KaCaKaPeTa.296
5887.212595 0.001 10 0 8 e 25 0 0 1 e 26 16KaCaKaPeTa.297
5888.162921 0.001 11 1 8 e 25 1 1 1 e 26 16KaCaKaPeTa.298
5888.488670 0.001 10 0 8 e 24 0 0 1 e 25 16KaCaKaPeTa.299
5889.433189 0.001 11 1 8 e 24 1 1 1 e 25 16KaCaKaPeTa.300
5889.575543 0.001 11 1 8 f 24 1 1 1 f 25 16KaCaKaPeTa.301
5890.685357 0.001 11 1 8 e 23 1 1 1 e 24 16KaCaKaPeTa.302
5890.815249 0.001 11 1 8 f 23 1 1 1 f 24 16KaCaKaPeTa.303
5890.989115 0.001 10 0 8 e 22 0 0 1 e 23 16KaCaKaPeTa.304
5891.920581 0.001 11 1 8 e 22 1 1 1 e 23 16KaCaKaPeTa.305
5892.038212 0.001 11 1 8 f 22 1 1 1 f 23 16KaCaKaPeTa.306
5892.213181 0.001 10 0 8 e 21 0 0 1 e 22 16KaCaKaPeTa.307
5893.243334 0.001 11 1 8 f 21 1 1 1 f 22 16KaCaKaPeTa.308
5893.419308 0.001 10 0 8 e 20 0 0 1 e 21 16KaCaKaPeTa.309
5894.339698 0.001 11 1 8 e 20 1 1 1 e 21 16KaCaKaPeTa.310
5894.432981 0.001 11 1 8 f 20 1 1 1 f 21 16KaCaKaPeTa.311
5894.606477 0.001 10 0 8 e 19 0 0 1 e 20 16KaCaKaPeTa.312
5895.523223 0.001 11 1 8 e 19 1 1 1 e 20 16KaCaKaPeTa.313
5895.607246 0.001 11 1 8 f 19 1 1 1 f 20 16KaCaKaPeTa.314
5895.779998 0.001 10 0 8 e 18 0 0 1 e 19 16KaCaKaPeTa.315
5896.689877 0.001 11 1 8 e 18 1 1 1 e 19 16KaCaKaPeTa.316
5896.934176 0.001 10 0 8 e 17 0 0 1 e 18 16KaCaKaPeTa.317
5898.070947 0.001 10 0 8 e 16 0 0 1 e 17 16KaCaKaPeTa.318
5899.028443 0.001 11 1 8 f 16 1 1 1 f 17 16KaCaKaPeTa.319
5899.188426 0.001 10 0 8 e 15 0 0 1 e 16 16KaCaKaPeTa.320
5900.086442 0.001 11 1 8 e 15 1 1 1 e 16 16KaCaKaPeTa.321
5900.132832 0.001 11 1 8 f 15 1 1 1 f 16 16KaCaKaPeTa.322
5900.291923 0.001 10 0 8 e 14 0 0 1 e 15 16KaCaKaPeTa.323
5901.184180 0.001 11 1 8 e 14 1 1 1 e 15 16KaCaKaPeTa.324
5901.375663 0.001 10 0 8 e 13 0 0 1 e 14 16KaCaKaPeTa.325
5902.264427 0.001 11 1 8 e 13 1 1 1 e 14 16KaCaKaPeTa.326
5902.442382 0.001 10 0 8 e 12 0 0 1 e 13 16KaCaKaPeTa.327
5903.327603 0.001 11 1 8 e 12 1 1 1 e 13 16KaCaKaPeTa.328
5903.351343 0.001 11 1 8 f 12 1 1 1 f 13 16KaCaKaPeTa.329
5903.491876 0.001 10 0 8 e 11 0 0 1 e 12 16KaCaKaPeTa.330
5904.394020 0.001 11 1 8 f 11 1 1 1 f 12 16KaCaKaPeTa.331
5905.401954 0.001 11 1 8 e 10 1 1 1 e 11 16KaCaKaPeTa.332
5905.417047 0.001 11 1 8 f 10 1 1 1 f 11 16KaCaKaPeTa.333
5905.536688 0.001 10 0 8 e 9 0 0 1 e 10 16KaCaKaPeTa.334
5906.413227 0.001 11 1 8 e 9 1 1 1 e 10 16KaCaKaPeTa.335
5906.424248 0.001 11 1 8 f 9 1 1 1 f 10 16KaCaKaPeTa.336
5906.533594 0.001 10 0 8 e 8 0 0 1 e 9 16KaCaKaPeTa.337
5907.409510 0.001 11 1 8 e 8 1 1 1 e 9 16KaCaKaPeTa.338
5907.414851 0.001 11 1 8 f 8 1 1 1 f 9 16KaCaKaPeTa.339
