5792.137049 -5.3 11 1 1 e 2 1 1 1 e 3 19BeMoKaKaPeCa.B1
5791.266187 -3.3 11 1 1 e 3 1 1 1 e 4 19BeMoKaKaPeCa.B2
5790.378742 -6.1 11 1 1 e 4 1 1 1 e 5 19BeMoKaKaPeCa.B3
5789.482815 -5.1 11 1 1 e 5 1 1 1 e 6 19BeMoKaKaPeCa.B4
5788.573558 -4.8 11 1 1 e 6 1 1 1 e 7 19BeMoKaKaPeCa.B5
5787.650564 -5.5 11 1 1 e 7 1 1 1 e 8 19BeMoKaKaPeCa.B6
5786.716251 -4.4 11 1 1 e 8 1 1 1 e 9 19BeMoKaKaPeCa.B7
5785.767396 -4.8 11 1 1 e 9 1 1 1 e 10 19BeMoKaKaPeCa.B8
5784.805913 -4.4 11 1 1 e 10 1 1 1 e 11 19BeMoKaKaPeCa.B9
5783.830743 -4.2 11 1 1 e 11 1 1 1 e 12 19BeMoKaKaPeCa.B10
5782.838886 -7.2 11 1 1 e 12 1 1 1 e 13 19BeMoKaKaPeCa.B11
5781.840305 -3.4 11 1 1 e 13 1 1 1 e 14 19BeMoKaKaPeCa.B12
5780.824649 -3.3 11 1 1 e 14 1 1 1 e 15 19BeMoKaKaPeCa.B13
5779.795679 -2.9 11 1 1 e 15 1 1 1 e 16 19BeMoKaKaPeCa.B14
5778.752964 -2.9 11 1 1 e 16 1 1 1 e 17 19BeMoKaKaPeCa.B15
5772.214556 -3.5 11 1 1 e 22 1 1 1 e 23 19BeMoKaKaPeCa.B16
5771.079412 -2.4 11 1 1 e 23 1 1 1 e 24 19BeMoKaKaPeCa.B17
5769.929868 -2.3 11 1 1 e 24 1 1 1 e 25 19BeMoKaKaPeCa.B18
5768.765516 -3.7 11 1 1 e 25 1 1 1 e 26 19BeMoKaKaPeCa.B19
5767.589772 -3.1 11 1 1 e 26 1 1 1 e 27 19BeMoKaKaPeCa.B20
5765.198120 -2.4 11 1 1 e 28 1 1 1 e 29 19BeMoKaKaPeCa.B21
5763.981270 -2.9 11 1 1 e 29 1 1 1 e 30 19BeMoKaKaPeCa.B22
5762.753067 -1.6 11 1 1 e 30 1 1 1 e 31 19BeMoKaKaPeCa.B23
5761.507540 -4.3 11 1 1 e 31 1 1 1 e 32 19BeMoKaKaPeCa.B24
5760.252622 -3.0 11 1 1 e 32 1 1 1 e 33 19BeMoKaKaPeCa.B25
5757.698346 -4.9 11 1 1 e 34 1 1 1 e 35 19BeMoKaKaPeCa.B26
5756.404822 -2.1 11 1 1 e 35 1 1 1 e 36 19BeMoKaKaPeCa.B27
5755.093126 -4.1 11 1 1 e 36 1 1 1 e 37 19BeMoKaKaPeCa.B28
5753.773359 -0.7 11 1 1 e 37 1 1 1 e 38 19BeMoKaKaPeCa.B29
5752.434823 -2.8 11 1 1 e 38 1 1 1 e 39 19BeMoKaKaPeCa.B30
5751.085573 -2.1 11 1 1 e 39 1 1 1 e 40 19BeMoKaKaPeCa.B31
5748.343382 -4.1 11 1 1 e 41 1 1 1 e 42 19BeMoKaKaPeCa.B32
5797.131563 -5.3 11 1 1 e 3 1 1 1 e 2 19BeMoKaKaPeCa.B33
5797.923686 -4.9 11 1 1 e 4 1 1 1 e 3 19BeMoKaKaPeCa.B34
5799.469481 -5.3 11 1 1 e 6 1 1 1 e 5 19BeMoKaKaPeCa.B35
5800.225467 -3.2 11 1 1 e 7 1 1 1 e 6 19BeMoKaKaPeCa.B36
5801.690437 -6.6 11 1 1 e 9 1 1 1 e 8 19BeMoKaKaPeCa.B37
5802.406714 -4.4 11 1 1 e 10 1 1 1 e 9 19BeMoKaKaPeCa.B38
5803.107629 -4.1 11 1 1 e 11 1 1 1 e 10 19BeMoKaKaPeCa.B39
5803.794583 -4.1 11 1 1 e 12 1 1 1 e 11 19BeMoKaKaPeCa.B40
5804.468183 -3.8 11 1 1 e 13 1 1 1 e 12 19BeMoKaKaPeCa.B41
5805.774481 -3.5 11 1 1 e 15 1 1 1 e 14 19BeMoKaKaPeCa.B42
5806.407144 -3.5 11 1 1 e 16 1 1 1 e 15 19BeMoKaKaPeCa.B43
5807.026154 -3.4 11 1 1 e 17 1 1 1 e 16 19BeMoKaKaPeCa.B44
5808.222961 -4.0 11 1 1 e 19 1 1 1 e 18 19BeMoKaKaPeCa.B45
5808.801857 -3.5 11 1 1 e 20 1 1 1 e 19 19BeMoKaKaPeCa.B46
5809.367248 -3.0 11 1 1 e 21 1 1 1 e 20 19BeMoKaKaPeCa.B47
5809.919419 -2.2 11 1 1 e 22 1 1 1 e 21 19BeMoKaKaPeCa.B48
5811.989677 -2.1 11 1 1 e 26 1 1 1 e 25 19BeMoKaKaPeCa.B49
5813.400683 -1.6 11 1 1 e 29 1 1 1 e 28 19BeMoKaKaPeCa.B50
5813.843044 -2.4 11 1 1 e 30 1 1 1 e 29 19BeMoKaKaPeCa.B51
5814.273338 -1.5 11 1 1 e 31 1 1 1 e 30 19BeMoKaKaPeCa.B52
5814.688171 -2.5 11 1 1 e 32 1 1 1 e 31 19BeMoKaKaPeCa.B53
5815.855185 -1.1 11 1 1 e 35 1 1 1 e 34 19BeMoKaKaPeCa.B54
5816.212195 -5.3 11 1 1 e 36 1 1 1 e 35 19BeMoKaKaPeCa.B55
5816.563819 -1.2 11 1 1 e 37 1 1 1 e 36 19BeMoKaKaPeCa.B56
5816.891896 -6.9 11 1 1 e 38 1 1 1 e 37 19BeMoKaKaPeCa.B57
5817.215715 -3.1 11 1 1 e 39 1 1 1 e 38 19BeMoKaKaPeCa.B58
5817.523594 -1.4 11 1 1 e 40 1 1 1 e 39 19BeMoKaKaPeCa.B59
5818.092083 -4.0 11 1 1 e 42 1 1 1 e 41 19BeMoKaKaPeCa.B60
5818.356567 -4.2 11 1 1 e 43 1 1 1 e 42 19BeMoKaKaPeCa.B61
5818.605293 -6.4 11 1 1 e 44 1 1 1 e 43 19BeMoKaKaPeCa.B62
5819.070340 -1.4 11 1 1 e 46 1 1 1 e 45 19BeMoKaKaPeCa.B63
5819.473911 -2.0 11 1 1 e 48 1 1 1 e 47 19BeMoKaKaPeCa.B64
5819.818728 -5.5 11 1 1 e 50 1 1 1 e 49 19BeMoKaKaPeCa.B65
5907.409510 1.2 11 1 8 e 8 1 1 1 e 9 19BeMoKaKaPeCa.B66
5906.413227 -0.9 11 1 8 e 9 1 1 1 e 10 19BeMoKaKaPeCa.B67
5905.401954 -0.8 11 1 8 e 10 1 1 1 e 11 19BeMoKaKaPeCa.B68
5903.327603 -0.5 11 1 8 e 12 1 1 1 e 13 19BeMoKaKaPeCa.B69
5902.264427 -0.5 11 1 8 e 13 1 1 1 e 14 19BeMoKaKaPeCa.B70
5901.184180 -0.2 11 1 8 e 14 1 1 1 e 15 19BeMoKaKaPeCa.B71
5900.086442 -0.2 11 1 8 e 15 1 1 1 e 16 19BeMoKaKaPeCa.B72
5896.689877 -0.0 11 1 8 e 18 1 1 1 e 19 19BeMoKaKaPeCa.B73
5895.523223 -0.1 11 1 8 e 19 1 1 1 e 20 19BeMoKaKaPeCa.B74
5894.339698 0.3 11 1 8 e 20 1 1 1 e 21 19BeMoKaKaPeCa.B75
5891.920581 0.6 11 1 8 e 22 1 1 1 e 23 19BeMoKaKaPeCa.B76
5890.685357 0.8 11 1 8 e 23 1 1 1 e 24 19BeMoKaKaPeCa.B77
5889.433189 1.2 11 1 8 e 24 1 1 1 e 25 19BeMoKaKaPeCa.B78
5888.162921 0.7 11 1 8 e 25 1 1 1 e 26 19BeMoKaKaPeCa.B79
5886.876632 1.3 11 1 8 e 26 1 1 1 e 27 19BeMoKaKaPeCa.B80
5884.251176 1.1 11 1 8 e 28 1 1 1 e 29 19BeMoKaKaPeCa.B81
5881.556057 -0.3 11 1 8 e 30 1 1 1 e 31 19BeMoKaKaPeCa.B82
5873.066855 0.9 11 1 8 e 36 1 1 1 e 37 19BeMoKaKaPeCa.B83
5865.524739 1.4 11 1 8 e 41 1 1 1 e 42 19BeMoKaKaPeCa.B84
5863.964713 0.8 11 1 8 e 42 1 1 1 e 43 19BeMoKaKaPeCa.B85
5860.795901 1.3 11 1 8 e 44 1 1 1 e 45 19BeMoKaKaPeCa.B86
5840.372626 2.9 11 1 8 e 56 1 1 1 e 57 19BeMoKaKaPeCa.B87
5838.558904 -0.5 11 1 8 e 57 1 1 1 e 58 19BeMoKaKaPeCa.B88
5794.610544 -2.1 11 1 1 e 3 1 1 1 f 3 19BeMoKaKaPeCa.C1
5790.395144 -5.1 11 1 1 f 4 1 1 1 f 5 19BeMoKaKaPeCa.D1
5789.507873 -4.7 11 1 1 f 5 1 1 1 f 6 19BeMoKaKaPeCa.D2
5788.609561 -4.5 11 1 1 f 6 1 1 1 f 7 19BeMoKaKaPeCa.D3
5787.700390 -3.9 11 1 1 f 7 1 1 1 f 8 19BeMoKaKaPeCa.D4
5786.778589 -4.5 11 1 1 f 8 1 1 1 f 9 19BeMoKaKaPeCa.D5
5785.846049 -4.2 11 1 1 f 9 1 1 1 f 10 19BeMoKaKaPeCa.D6
5784.902623 -2.9 11 1 1 f 10 1 1 1 f 11 19BeMoKaKaPeCa.D7
5783.946661 -2.2 11 1 1 f 11 1 1 1 f 12 19BeMoKaKaPeCa.D8
5782.977842 -2.9 11 1 1 f 12 1 1 1 f 13 19BeMoKaKaPeCa.D9
5781.998732 -1.9 11 1 1 f 13 1 1 1 f 14 19BeMoKaKaPeCa.D10
5781.006414 -2.5 11 1 1 f 14 1 1 1 f 15 19BeMoKaKaPeCa.D11
5780.004052 -1.3 11 1 1 f 15 1 1 1 f 16 19BeMoKaKaPeCa.D12
5778.989321 -1.1 11 1 1 f 16 1 1 1 f 17 19BeMoKaKaPeCa.D13
5772.656185 -1.8 11 1 1 f 22 1 1 1 f 23 19BeMoKaKaPeCa.D14
5771.562235 -0.2 11 1 1 f 23 1 1 1 f 24 19BeMoKaKaPeCa.D15
5770.452634 -2.8 11 1 1 f 24 1 1 1 f 25 19BeMoKaKaPeCa.D16
5769.335675 -1.2 11 1 1 f 25 1 1 1 f 26 19BeMoKaKaPeCa.D17
5768.207225 0.3 11 1 1 f 26 1 1 1 f 27 19BeMoKaKaPeCa.D18
5767.064841 -0.7 11 1 1 f 27 1 1 1 f 28 19BeMoKaKaPeCa.D19
5765.911489 -1.1 11 1 1 f 28 1 1 1 f 29 19BeMoKaKaPeCa.D20
5764.747307 -0.9 11 1 1 f 29 1 1 1 f 30 19BeMoKaKaPeCa.D21
5763.571589 -0.8 11 1 1 f 30 1 1 1 f 31 19BeMoKaKaPeCa.D22
5762.384079 -0.8 11 1 1 f 31 1 1 1 f 32 19BeMoKaKaPeCa.D23
5761.184474 -1.5 11 1 1 f 32 1 1 1 f 33 19BeMoKaKaPeCa.D24
5759.975251 -0.1 11 1 1 f 33 1 1 1 f 34 19BeMoKaKaPeCa.D25
5758.753252 -0.0 11 1 1 f 34 1 1 1 f 35 19BeMoKaKaPeCa.D26
5757.517614 -2.0 11 1 1 f 35 1 1 1 f 36 19BeMoKaKaPeCa.D27
5756.273132 -1.1 11 1 1 f 36 1 1 1 f 37 19BeMoKaKaPeCa.D28
5755.016486 -0.7 11 1 1 f 37 1 1 1 f 38 19BeMoKaKaPeCa.D29
5753.748557 0.2 11 1 1 f 38 1 1 1 f 39 19BeMoKaKaPeCa.D30
5752.466045 -2.0 11 1 1 f 39 1 1 1 f 40 19BeMoKaKaPeCa.D31
5751.175144 -0.7 11 1 1 f 40 1 1 1 f 41 19BeMoKaKaPeCa.D32
5748.556711 0.8 11 1 1 f 42 1 1 1 f 43 19BeMoKaKaPeCa.D33
5747.230911 2.7 11 1 1 f 43 1 1 1 f 44 19BeMoKaKaPeCa.D34
5797.152503 -3.7 11 1 1 f 3 1 1 1 f 2 19BeMoKaKaPeCa.D35
5798.746115 -4.4 11 1 1 f 5 1 1 1 f 4 19BeMoKaKaPeCa.D36
5799.527104 -4.5 11 1 1 f 6 1 1 1 f 5 19BeMoKaKaPeCa.D37
5800.297215 -4.1 11 1 1 f 7 1 1 1 f 6 19BeMoKaKaPeCa.D38
5801.057884 -1.5 11 1 1 f 8 1 1 1 f 7 19BeMoKaKaPeCa.D39
5801.803738 -2.1 11 1 1 f 9 1 1 1 f 8 19BeMoKaKaPeCa.D40
5802.537107 -3.2 11 1 1 f 10 1 1 1 f 9 19BeMoKaKaPeCa.D41
5803.260826 -2.2 11 1 1 f 11 1 1 1 f 10 19BeMoKaKaPeCa.D42
5803.971514 -2.2 11 1 1 f 12 1 1 1 f 11 19BeMoKaKaPeCa.D43
5804.671259 -1.3 11 1 1 f 13 1 1 1 f 12 19BeMoKaKaPeCa.D44
5805.357673 -2.0 11 1 1 f 14 1 1 1 f 13 19BeMoKaKaPeCa.D45
5806.033011 -2.0 11 1 1 f 15 1 1 1 f 14 19BeMoKaKaPeCa.D46
5806.696578 -1.9 11 1 1 f 16 1 1 1 f 15 19BeMoKaKaPeCa.D47
5807.348820 -1.5 11 1 1 f 17 1 1 1 f 16 19BeMoKaKaPeCa.D48
5807.988621 -1.8 11 1 1 f 18 1 1 1 f 17 19BeMoKaKaPeCa.D49
5808.617598 -1.3 11 1 1 f 19 1 1 1 f 18 19BeMoKaKaPeCa.D50
5809.235275 -0.3 11 1 1 f 20 1 1 1 f 19 19BeMoKaKaPeCa.D51
5809.840696 -0.1 11 1 1 f 21 1 1 1 f 20 19BeMoKaKaPeCa.D52
5810.434949 0.7 11 1 1 f 22 1 1 1 f 21 19BeMoKaKaPeCa.D53
5811.016094 -0.0 11 1 1 f 23 1 1 1 f 22 19BeMoKaKaPeCa.D54
5811.583594 -2.6 11 1 1 f 24 1 1 1 f 23 19BeMoKaKaPeCa.D55
5812.143697 -1.0 11 1 1 f 25 1 1 1 f 24 19BeMoKaKaPeCa.D56
5812.689670 -1.8 11 1 1 f 26 1 1 1 f 25 19BeMoKaKaPeCa.D57
5813.225450 -1.2 11 1 1 f 27 1 1 1 f 26 19BeMoKaKaPeCa.D58
5813.750250 0.3 11 1 1 f 28 1 1 1 f 27 19BeMoKaKaPeCa.D59
5814.761230 -0.4 11 1 1 f 30 1 1 1 f 29 19BeMoKaKaPeCa.D60
5815.249683 -0.0 11 1 1 f 31 1 1 1 f 30 19BeMoKaKaPeCa.D61
5815.724927 -1.1 11 1 1 f 32 1 1 1 f 31 19BeMoKaKaPeCa.D62
5816.190301 -0.2 11 1 1 f 33 1 1 1 f 32 19BeMoKaKaPeCa.D63
5816.643510 0.5 11 1 1 f 34 1 1 1 f 33 19BeMoKaKaPeCa.D64
5817.082277 -1.4 11 1 1 f 35 1 1 1 f 34 19BeMoKaKaPeCa.D65
5817.928525 -0.7 11 1 1 f 37 1 1 1 f 36 19BeMoKaKaPeCa.D66
5818.332592 -1.3 11 1 1 f 38 1 1 1 f 37 19BeMoKaKaPeCa.D67
5820.825547 -1.5 11 1 1 f 45 1 1 1 f 44 19BeMoKaKaPeCa.D68
5822.235969 -1.9 11 1 1 f 50 1 1 1 f 49 19BeMoKaKaPeCa.D69
5907.414851 -0.3 11 1 8 f 8 1 1 1 f 9 19BeMoKaKaPeCa.D70
5906.424248 -0.7 11 1 8 f 9 1 1 1 f 10 19BeMoKaKaPeCa.D71
5905.417047 -0.8 11 1 8 f 10 1 1 1 f 11 19BeMoKaKaPeCa.D72
5904.394020 -0.2 11 1 8 f 11 1 1 1 f 12 19BeMoKaKaPeCa.D73
5903.351343 -2.5 11 1 8 f 12 1 1 1 f 13 19BeMoKaKaPeCa.D74
5900.132832 -0.1 11 1 8 f 15 1 1 1 f 16 19BeMoKaKaPeCa.D75
5899.028443 2.3 11 1 8 f 16 1 1 1 f 17 19BeMoKaKaPeCa.D76
5895.607246 1.3 11 1 8 f 19 1 1 1 f 20 19BeMoKaKaPeCa.D77
5894.432981 0.3 11 1 8 f 20 1 1 1 f 21 19BeMoKaKaPeCa.D78
5893.243334 0.3 11 1 8 f 21 1 1 1 f 22 19BeMoKaKaPeCa.D79
5892.038212 1.5 11 1 8 f 22 1 1 1 f 23 19BeMoKaKaPeCa.D80
5890.815249 1.2 11 1 8 f 23 1 1 1 f 24 19BeMoKaKaPeCa.D81
5889.575543 0.8 11 1 8 f 24 1 1 1 f 25 19BeMoKaKaPeCa.D82
5887.048442 1.5 11 1 8 f 26 1 1 1 f 27 19BeMoKaKaPeCa.D83
5885.759412 1.1 11 1 8 f 27 1 1 1 f 28 19BeMoKaKaPeCa.D84
5884.455339 2.0 11 1 8 f 28 1 1 1 f 29 19BeMoKaKaPeCa.D85
5879.073126 3.4 11 1 8 f 32 1 1 1 f 33 19BeMoKaKaPeCa.D86
5874.862327 1.4 11 1 8 f 35 1 1 1 f 36 19BeMoKaKaPeCa.D87
5873.427336 1.8 11 1 8 f 36 1 1 1 f 37 19BeMoKaKaPeCa.D88
5866.009743 3.2 11 1 8 f 41 1 1 1 f 42 19BeMoKaKaPeCa.D89
5859.786709 4.1 11 1 8 f 45 1 1 1 f 46 19BeMoKaKaPeCa.D90
5806.379180 -0.5 10 0 6 e 2 0 0 1 e 3 19BeMoKaKaPeCa.E1
5805.506039 0.0 10 0 6 e 3 0 0 1 e 4 19BeMoKaKaPeCa.E2
5804.619330 -1.1 10 0 6 e 4 0 0 1 e 5 19BeMoKaKaPeCa.E3
5803.721941 -0.9 10 0 6 e 5 0 0 1 e 6 19BeMoKaKaPeCa.E4
5802.809587 -3.7 10 0 6 e 6 0 0 1 e 7 19BeMoKaKaPeCa.E5
5801.891658 -0.2 10 0 6 e 7 0 0 1 e 8 19BeMoKaKaPeCa.E6
5800.958316 -0.2 10 0 6 e 8 0 0 1 e 9 19BeMoKaKaPeCa.E7
5800.012542 -0.7 10 0 6 e 9 0 0 1 e 10 19BeMoKaKaPeCa.E8
5799.054395 -1.4 10 0 6 e 10 0 0 1 e 11 19BeMoKaKaPeCa.E9
5798.086233 -0.3 10 0 6 e 11 0 0 1 e 12 19BeMoKaKaPeCa.E10
5797.104852 -0.2 10 0 6 e 12 0 0 1 e 13 19BeMoKaKaPeCa.E11
5796.111564 -0.1 10 0 6 e 13 0 0 1 e 14 19BeMoKaKaPeCa.E12
5795.106008 -0.2 10 0 6 e 14 0 0 1 e 15 19BeMoKaKaPeCa.E13
5794.088128 -0.4 10 0 6 e 15 0 0 1 e 16 19BeMoKaKaPeCa.E14
5793.057779 -1.0 10 0 6 e 16 0 0 1 e 17 19BeMoKaKaPeCa.E15
5792.015851 -1.0 10 0 6 e 17 0 0 1 e 18 19BeMoKaKaPeCa.E16
5790.961723 -1.1 10 0 6 e 18 0 0 1 e 19 19BeMoKaKaPeCa.E17
5789.895520 -1.0 10 0 6 e 19 0 0 1 e 20 19BeMoKaKaPeCa.E18
5788.817065 -0.8 10 0 6 e 20 0 0 1 e 21 19BeMoKaKaPeCa.E19
5787.725883 -1.2 10 0 6 e 21 0 0 1 e 22 19BeMoKaKaPeCa.E20
5786.622567 -1.3 10 0 6 e 22 0 0 1 e 23 19BeMoKaKaPeCa.E21
5785.507199 -1.1 10 0 6 e 23 0 0 1 e 24 19BeMoKaKaPeCa.E22
5784.379830 -0.6 10 0 6 e 24 0 0 1 e 25 19BeMoKaKaPeCa.E23
5783.239135 -0.9 10 0 6 e 25 0 0 1 e 26 19BeMoKaKaPeCa.E24
5782.086431 -0.7 10 0 6 e 26 0 0 1 e 27 19BeMoKaKaPeCa.E25
5780.920172 -1.5 10 0 6 e 27 0 0 1 e 28 19BeMoKaKaPeCa.E26
5779.742859 -0.8 10 0 6 e 28 0 0 1 e 29 19BeMoKaKaPeCa.E27
5778.553009 -0.1 10 0 6 e 29 0 0 1 e 30 19BeMoKaKaPeCa.E28
5772.407791 -1.5 10 0 6 e 34 0 0 1 e 35 19BeMoKaKaPeCa.E29
5771.142216 0.2 10 0 6 e 35 0 0 1 e 36 19BeMoKaKaPeCa.E30
5769.860899 -0.9 10 0 6 e 36 0 0 1 e 37 19BeMoKaKaPeCa.E31
5768.567080 -1.6 10 0 6 e 37 0 0 1 e 38 19BeMoKaKaPeCa.E32
5765.941364 -1.7 10 0 6 e 39 0 0 1 e 40 19BeMoKaKaPeCa.E33
5764.609164 -1.4 10 0 6 e 40 0 0 1 e 41 19BeMoKaKaPeCa.E34
5763.263652 -1.3 10 0 6 e 41 0 0 1 e 42 19BeMoKaKaPeCa.E35
5761.904279 -1.9 10 0 6 e 42 0 0 1 e 43 19BeMoKaKaPeCa.E36
5760.532164 -1.8 10 0 6 e 43 0 0 1 e 44 19BeMoKaKaPeCa.E37
5757.747918 -1.9 10 0 6 e 45 0 0 1 e 46 19BeMoKaKaPeCa.E38
5756.334066 -3.5 10 0 6 e 46 0 0 1 e 47 19BeMoKaKaPeCa.E39
5753.471080 -1.8 10 0 6 e 48 0 0 1 e 49 19BeMoKaKaPeCa.E40
5752.018569 -1.6 10 0 6 e 49 0 0 1 e 50 19BeMoKaKaPeCa.E41
5746.071754 -2.0 10 0 6 e 53 0 0 1 e 54 19BeMoKaKaPeCa.E42
5810.569419 -0.1 10 0 6 e 2 0 0 1 e 1 19BeMoKaKaPeCa.E43
5811.373286 1.6 10 0 6 e 3 0 0 1 e 2 19BeMoKaKaPeCa.E44
5812.161706 -0.2 10 0 6 e 4 0 0 1 e 3 19BeMoKaKaPeCa.E45
5812.940263 0.1 10 0 6 e 5 0 0 1 e 4 19BeMoKaKaPeCa.E46
5813.706355 -0.0 10 0 6 e 6 0 0 1 e 5 19BeMoKaKaPeCa.E47
5814.460574 -0.1 10 0 6 e 7 0 0 1 e 6 19BeMoKaKaPeCa.E48
5815.203236 0.2 10 0 6 e 8 0 0 1 e 7 19BeMoKaKaPeCa.E49
5815.932673 -0.5 10 0 6 e 9 0 0 1 e 8 19BeMoKaKaPeCa.E50
5816.650764 -0.6 10 0 6 e 10 0 0 1 e 9 19BeMoKaKaPeCa.E51
5817.357168 -0.3 10 0 6 e 11 0 0 1 e 10 19BeMoKaKaPeCa.E52
5818.051053 -0.3 10 0 6 e 12 0 0 1 e 11 19BeMoKaKaPeCa.E53
5818.734957 1.8 10 0 6 e 13 0 0 1 e 12 19BeMoKaKaPeCa.E54
5819.402437 -0.4 10 0 6 e 14 0 0 1 e 13 19BeMoKaKaPeCa.E55
5820.059406 -0.7 10 0 6 e 15 0 0 1 e 14 19BeMoKaKaPeCa.E56
5820.704306 -0.9 10 0 6 e 16 0 0 1 e 15 19BeMoKaKaPeCa.E57
5821.337314 -0.7 10 0 6 e 17 0 0 1 e 16 19BeMoKaKaPeCa.E58
5821.958213 -0.3 10 0 6 e 18 0 0 1 e 17 19BeMoKaKaPeCa.E59
5822.566174 -0.4 10 0 6 e 19 0 0 1 e 18 19BeMoKaKaPeCa.E60
5823.161653 -0.5 10 0 6 e 20 0 0 1 e 19 19BeMoKaKaPeCa.E61
5823.744638 -0.8 10 0 6 e 21 0 0 1 e 20 19BeMoKaKaPeCa.E62
5824.314907 -1.2 10 0 6 e 22 0 0 1 e 21 19BeMoKaKaPeCa.E63
5824.875588 1.4 10 0 6 e 23 0 0 1 e 22 19BeMoKaKaPeCa.E64
5825.418602 -1.2 10 0 6 e 24 0 0 1 e 23 19BeMoKaKaPeCa.E65
5825.951837 -0.9 10 0 6 e 25 0 0 1 e 24 19BeMoKaKaPeCa.E66
5826.472705 -0.2 10 0 6 e 26 0 0 1 e 25 19BeMoKaKaPeCa.E67
5826.978881 -1.4 10 0 6 e 27 0 0 1 e 26 19BeMoKaKaPeCa.E68
5827.473753 -1.1 10 0 6 e 28 0 0 1 e 27 19BeMoKaKaPeCa.E69
5827.955836 -0.9 10 0 6 e 29 0 0 1 e 28 19BeMoKaKaPeCa.E70
5828.425695 0.2 10 0 6 e 30 0 0 1 e 29 19BeMoKaKaPeCa.E71
5828.880328 -1.1 10 0 6 e 31 0 0 1 e 30 19BeMoKaKaPeCa.E72
5829.323087 -1.2 10 0 6 e 32 0 0 1 e 31 19BeMoKaKaPeCa.E73
5829.752249 -1.9 10 0 6 e 33 0 0 1 e 32 19BeMoKaKaPeCa.E74
5830.169339 -1.5 10 0 6 e 34 0 0 1 e 33 19BeMoKaKaPeCa.E75
5830.572533 -1.8 10 0 6 e 35 0 0 1 e 34 19BeMoKaKaPeCa.E76
5830.962875 -1.6 10 0 6 e 36 0 0 1 e 35 19BeMoKaKaPeCa.E77
5831.340240 -1.3 10 0 6 e 37 0 0 1 e 36 19BeMoKaKaPeCa.E78
5831.702976 -2.0 10 0 6 e 38 0 0 1 e 37 19BeMoKaKaPeCa.E79
5832.389694 -2.2 10 0 6 e 40 0 0 1 e 39 19BeMoKaKaPeCa.E80
5832.713100 -2.0 10 0 6 e 41 0 0 1 e 40 19BeMoKaKaPeCa.E81
5833.022103 -2.6 10 0 6 e 42 0 0 1 e 41 19BeMoKaKaPeCa.E82
5833.318979 -1.7 10 0 6 e 43 0 0 1 e 42 19BeMoKaKaPeCa.E83
5833.601005 -2.0 10 0 6 e 44 0 0 1 e 43 19BeMoKaKaPeCa.E84
5833.869881 -1.7 10 0 6 e 45 0 0 1 e 44 19BeMoKaKaPeCa.E85
5834.124037 -2.3 10 0 6 e 46 0 0 1 e 45 19BeMoKaKaPeCa.E86
5834.365163 -2.1 10 0 6 e 47 0 0 1 e 46 19BeMoKaKaPeCa.E87
5834.592860 -1.5 10 0 6 e 48 0 0 1 e 47 19BeMoKaKaPeCa.E88
5834.805606 -1.9 10 0 6 e 49 0 0 1 e 48 19BeMoKaKaPeCa.E89
5835.005148 -1.5 10 0 6 e 50 0 0 1 e 49 19BeMoKaKaPeCa.E90
5835.789114 -2.3 10 0 6 e 55 0 0 1 e 54 19BeMoKaKaPeCa.E91
5906.533594 -1.1 10 0 8 e 8 0 0 1 e 9 19BeMoKaKaPeCa.E92
5905.536688 -1.6 10 0 8 e 9 0 0 1 e 10 19BeMoKaKaPeCa.E93
5903.491876 -1.0 10 0 8 e 11 0 0 1 e 12 19BeMoKaKaPeCa.E94
5902.442382 -1.5 10 0 8 e 12 0 0 1 e 13 19BeMoKaKaPeCa.E95
5901.375663 -1.6 10 0 8 e 13 0 0 1 e 14 19BeMoKaKaPeCa.E96
5900.291923 -1.3 10 0 8 e 14 0 0 1 e 15 19BeMoKaKaPeCa.E97
5899.188426 -3.1 10 0 8 e 15 0 0 1 e 16 19BeMoKaKaPeCa.E98
5898.070947 -1.4 10 0 8 e 16 0 0 1 e 17 19BeMoKaKaPeCa.E99
5896.934176 -1.4 10 0 8 e 17 0 0 1 e 18 19BeMoKaKaPeCa.E100
5895.779998 -1.4 10 0 8 e 18 0 0 1 e 19 19BeMoKaKaPeCa.E101
5894.606477 -3.2 10 0 8 e 19 0 0 1 e 20 19BeMoKaKaPeCa.E102
5893.419308 -1.3 10 0 8 e 20 0 0 1 e 21 19BeMoKaKaPeCa.E103
5892.213181 -0.7 10 0 8 e 21 0 0 1 e 22 19BeMoKaKaPeCa.E104
5890.989115 -0.7 10 0 8 e 22 0 0 1 e 23 19BeMoKaKaPeCa.E105
5888.488670 -0.5 10 0 8 e 24 0 0 1 e 25 19BeMoKaKaPeCa.E106
5887.212595 -0.2 10 0 8 e 25 0 0 1 e 26 19BeMoKaKaPeCa.E107
5885.918054 -0.9 10 0 8 e 26 0 0 1 e 27 19BeMoKaKaPeCa.E108
5884.606709 -1.0 10 0 8 e 27 0 0 1 e 28 19BeMoKaKaPeCa.E109
5881.931522 -1.6 10 0 8 e 29 0 0 1 e 30 19BeMoKaKaPeCa.E110
5880.567672 -2.0 10 0 8 e 30 0 0 1 e 31 19BeMoKaKaPeCa.E111
5877.789621 -1.3 10 0 8 e 32 0 0 1 e 33 19BeMoKaKaPeCa.E112
5876.374415 -1.2 10 0 8 e 33 0 0 1 e 34 19BeMoKaKaPeCa.E113
5873.491785 -1.2 10 0 8 e 35 0 0 1 e 36 19BeMoKaKaPeCa.E114
5872.024499 -1.3 10 0 8 e 36 0 0 1 e 37 19BeMoKaKaPeCa.E115
5870.539993 -1.3 10 0 8 e 37 0 0 1 e 38 19BeMoKaKaPeCa.E116
5867.519646 -1.1 10 0 8 e 39 0 0 1 e 40 19BeMoKaKaPeCa.E117
5865.983088 -1.6 10 0 8 e 40 0 0 1 e 41 19BeMoKaKaPeCa.E118
5864.430275 -1.1 10 0 8 e 41 0 0 1 e 42 19BeMoKaKaPeCa.E119
5862.860359 -0.6 10 0 8 e 42 0 0 1 e 43 19BeMoKaKaPeCa.E120
5861.271707 -1.7 10 0 8 e 43 0 0 1 e 44 19BeMoKaKaPeCa.E121
5859.668208 -0.6 10 0 8 e 44 0 0 1 e 45 19BeMoKaKaPeCa.E122
5858.046408 -0.7 10 0 8 e 45 0 0 1 e 46 19BeMoKaKaPeCa.E123
5825.969519 2.5 10 0 8 e 63 0 0 1 e 64 19BeMoKaKaPeCa.E124
5831.687711 -2.2 10 0 8 e 60 0 0 1 e 61 19BeMoKaKaPeCa.E125
5835.422146 -0.3 10 0 8 e 58 0 0 1 e 59 19BeMoKaKaPeCa.E126
5837.263059 -0.5 10 0 8 e 57 0 0 1 e 58 19BeMoKaKaPeCa.E127
5839.086611 -1.6 10 0 8 e 56 0 0 1 e 57 19BeMoKaKaPeCa.E128
5840.894563 -1.5 10 0 8 e 55 0 0 1 e 56 19BeMoKaKaPeCa.E129
5842.683917 -3.2 10 0 8 e 54 0 0 1 e 55 19BeMoKaKaPeCa.E130
5844.459950 -1.4 10 0 8 e 53 0 0 1 e 54 19BeMoKaKaPeCa.E131
5846.217230 -1.7 10 0 8 e 52 0 0 1 e 53 19BeMoKaKaPeCa.E132
5859.604184 4.4 12 0 6 e 3 2 0 2 e 4 19BeMoKaKaPeCa.F1
5846.521019 1.5 12 0 6 e 16 2 0 2 e 17 19BeMoKaKaPeCa.F2
5845.394664 1.3 12 0 6 e 17 2 0 2 e 18 19BeMoKaKaPeCa.F3
5841.913605 0.5 12 0 6 e 20 2 0 2 e 21 19BeMoKaKaPeCa.F4
5839.508160 0.4 12 0 6 e 22 2 0 2 e 23 19BeMoKaKaPeCa.F5
5837.037606 3.0 12 0 6 e 24 2 0 2 e 25 19BeMoKaKaPeCa.F6
5835.773899 1.2 12 0 6 e 25 2 0 2 e 26 19BeMoKaKaPeCa.F7
5833.198124 0.0 12 0 6 e 27 2 0 2 e 28 19BeMoKaKaPeCa.F8
5831.881997 -3.5 12 0 6 e 28 2 0 2 e 29 19BeMoKaKaPeCa.F9
5830.556164 -0.0 12 0 6 e 29 2 0 2 e 30 19BeMoKaKaPeCa.F10
5825.071081 0.1 12 0 6 e 33 2 0 2 e 34 19BeMoKaKaPeCa.F11
5823.659267 1.4 12 0 6 e 34 2 0 2 e 35 19BeMoKaKaPeCa.F12
5822.226440 -1.8 12 0 6 e 35 2 0 2 e 36 19BeMoKaKaPeCa.F13
5820.781775 -0.1 12 0 6 e 36 2 0 2 e 37 19BeMoKaKaPeCa.F14
5866.955008 2.2 12 0 6 e 5 2 0 2 e 4 19BeMoKaKaPeCa.F15
5869.773996 1.4 12 0 6 e 9 2 0 2 e 8 19BeMoKaKaPeCa.F16
5871.081694 2.7 12 0 6 e 11 2 0 2 e 10 19BeMoKaKaPeCa.F17
5872.910029 0.6 12 0 6 e 14 2 0 2 e 13 19BeMoKaKaPeCa.F18
5874.045390 1.9 12 0 6 e 16 2 0 2 e 15 19BeMoKaKaPeCa.F19
5874.584610 -0.2 12 0 6 e 17 2 0 2 e 16 19BeMoKaKaPeCa.F20
5875.109507 0.7 12 0 6 e 18 2 0 2 e 17 19BeMoKaKaPeCa.F21
5877.471254 -0.1 12 0 6 e 23 2 0 2 e 22 19BeMoKaKaPeCa.F22
5877.887276 -5.1 12 0 6 e 24 2 0 2 e 23 19BeMoKaKaPeCa.F23
5878.294793 -1.5 12 0 6 e 25 2 0 2 e 24 19BeMoKaKaPeCa.F24
5878.683508 0.3 12 0 6 e 26 2 0 2 e 25 19BeMoKaKaPeCa.F25
5879.405419 -0.1 12 0 6 e 28 2 0 2 e 27 19BeMoKaKaPeCa.F26
5879.740846 -0.3 12 0 6 e 29 2 0 2 e 28 19BeMoKaKaPeCa.F27
5880.060163 0.6 12 0 6 e 30 2 0 2 e 29 19BeMoKaKaPeCa.F28
