6363.9813 -1.5 16 0 1 e 4 4 0 1 e 3 19LiHuWaPeHu.1
6365.4213 0.4 16 0 1 e 6 4 0 1 e 5 19LiHuWaPeHu.2
6366.7863 -3.2 16 0 1 e 8 4 0 1 e 7 19LiHuWaPeHu.3
6367.4283 5.4 16 0 1 e 9 4 0 1 e 8 19LiHuWaPeHu.4
6368.0633 0.9 16 0 1 e 10 4 0 1 e 9 19LiHuWaPeHu.5
6368.6733 1.3 16 0 1 e 11 4 0 1 e 10 19LiHuWaPeHu.6
6370.3853 -0.1 16 0 1 e 14 4 0 1 e 13 19LiHuWaPeHu.7
6370.9133 1.8 16 0 1 e 15 4 0 1 e 14 19LiHuWaPeHu.8
6371.4243 0.6 16 0 1 e 16 4 0 1 e 15 19LiHuWaPeHu.9
6372.3843 -0.1 16 0 1 e 18 4 0 1 e 17 19LiHuWaPeHu.10
6373.6713 0.8 16 0 1 e 21 4 0 1 e 20 19LiHuWaPeHu.11
6374.4293 0.8 16 0 1 e 23 4 0 1 e 22 19LiHuWaPeHu.12
6375.1073 0.1 16 0 1 e 25 4 0 1 e 24 19LiHuWaPeHu.13
6375.7033 0.8 16 0 1 e 27 4 0 1 e 26 19LiHuWaPeHu.14
6376.2193 0.8 16 0 1 e 29 4 0 1 e 28 19LiHuWaPeHu.15
6376.6553 0.2 16 0 1 e 31 4 0 1 e 30 19LiHuWaPeHu.16
6377.1573 -0.0 16 0 1 e 34 4 0 1 e 33 19LiHuWaPeHu.17
6377.3893 1.6 16 0 1 e 36 4 0 1 e 35 19LiHuWaPeHu.18
6377.4773 0.2 16 0 1 e 37 4 0 1 e 36 19LiHuWaPeHu.19
6356.4993 -1.1 16 0 1 e 4 4 0 1 e 5 19LiHuWaPeHu.20
6355.5663 0.3 16 0 1 e 5 4 0 1 e 6 19LiHuWaPeHu.21
6354.6153 -0.3 16 0 1 e 6 4 0 1 e 7 19LiHuWaPeHu.22
6353.6423 1.1 16 0 1 e 7 4 0 1 e 8 19LiHuWaPeHu.23
6351.6413 -1.2 16 0 1 e 9 4 0 1 e 10 19LiHuWaPeHu.24
6350.6093 -0.9 16 0 1 e 10 4 0 1 e 11 19LiHuWaPeHu.25
6347.3933 -0.1 16 0 1 e 13 4 0 1 e 14 19LiHuWaPeHu.26
6346.2823 -0.8 16 0 1 e 14 4 0 1 e 15 19LiHuWaPeHu.27
6345.1503 -0.5 16 0 1 e 15 4 0 1 e 16 19LiHuWaPeHu.28
6341.6353 -0.6 16 0 1 e 18 4 0 1 e 19 19LiHuWaPeHu.29
6335.3773 -0.6 16 0 1 e 23 4 0 1 e 24 19LiHuWaPeHu.30
6332.7333 0.5 16 0 1 e 25 4 0 1 e 26 19LiHuWaPeHu.31
6331.3823 0.1 16 0 1 e 26 4 0 1 e 27 19LiHuWaPeHu.32
6330.0113 -0.2 16 0 1 e 27 4 0 1 e 28 19LiHuWaPeHu.33
6328.6203 -0.4 16 0 1 e 28 4 0 1 e 29 19LiHuWaPeHu.34
6327.2093 -0.6 16 0 1 e 29 4 0 1 e 30 19LiHuWaPeHu.35
6325.7773 0.3 16 0 1 e 30 4 0 1 e 31 19LiHuWaPeHu.36
6324.3283 -1.7 16 0 1 e 31 4 0 1 e 32 19LiHuWaPeHu.37
6322.8573 -1.7 16 0 1 e 32 4 0 1 e 33 19LiHuWaPeHu.38
6321.3653 -0.5 16 0 1 e 33 4 0 1 e 34 19LiHuWaPeHu.39
6319.8543 -0.3 16 0 1 e 34 4 0 1 e 35 19LiHuWaPeHu.40
6318.3273 -3.9 16 0 1 e 35 4 0 1 e 36 19LiHuWaPeHu.41
6315.2023 0.1 16 0 1 e 37 4 0 1 e 38 19LiHuWaPeHu.42
6290.3283 -1.2 14 0 2 e 55 2 0 1 e 56 19LiHuWaPeHu.43
6292.2333 0.3 14 0 2 e 54 2 0 1 e 55 19LiHuWaPeHu.44
6294.1253 -4.5 14 0 2 e 53 2 0 1 e 54 19LiHuWaPeHu.45
6295.9873 1.4 14 0 2 e 52 2 0 1 e 53 19LiHuWaPeHu.46
6297.8363 1.1 14 0 2 e 51 2 0 1 e 52 19LiHuWaPeHu.47
6299.6663 0.5 14 0 2 e 50 2 0 1 e 51 19LiHuWaPeHu.48
6301.4873 -0.4 14 0 2 e 49 2 0 1 e 50 19LiHuWaPeHu.49
6305.0383 1.0 14 0 2 e 47 2 0 1 e 48 19LiHuWaPeHu.50
6306.7903 1.3 14 0 2 e 46 2 0 1 e 47 19LiHuWaPeHu.51
6308.5223 2.3 14 0 2 e 45 2 0 1 e 46 19LiHuWaPeHu.52
6310.2333 5.0 14 0 2 e 44 2 0 1 e 45 19LiHuWaPeHu.53
6311.9323 0.5 14 0 2 e 43 2 0 1 e 44 19LiHuWaPeHu.54
6313.6063 1.6 14 0 2 e 42 2 0 1 e 43 19LiHuWaPeHu.55
6315.2633 0.5 14 0 2 e 41 2 0 1 e 42 19LiHuWaPeHu.56
6316.8993 1.0 14 0 2 e 40 2 0 1 e 41 19LiHuWaPeHu.57
6320.1143 1.1 14 0 2 e 38 2 0 1 e 39 19LiHuWaPeHu.58
6321.6953 -1.3 14 0 2 e 37 2 0 1 e 38 19LiHuWaPeHu.59
6323.2543 -1.1 14 0 2 e 36 2 0 1 e 37 19LiHuWaPeHu.60
6324.7943 -1.1 14 0 2 e 35 2 0 1 e 36 19LiHuWaPeHu.61
6326.3143 -0.5 14 0 2 e 34 2 0 1 e 35 19LiHuWaPeHu.62
6327.8163 -1.3 14 0 2 e 33 2 0 1 e 34 19LiHuWaPeHu.63
6330.7613 -1.8 14 0 2 e 31 2 0 1 e 32 19LiHuWaPeHu.64
6332.2043 -1.6 14 0 2 e 30 2 0 1 e 31 19LiHuWaPeHu.65
6333.6273 -0.8 14 0 2 e 29 2 0 1 e 30 19LiHuWaPeHu.66
6335.0333 -2.3 14 0 2 e 28 2 0 1 e 29 19LiHuWaPeHu.67
6336.4173 -1.2 14 0 2 e 27 2 0 1 e 28 19LiHuWaPeHu.68
6337.7833 -1.5 14 0 2 e 26 2 0 1 e 27 19LiHuWaPeHu.69
6339.1293 -1.2 14 0 2 e 25 2 0 1 e 26 19LiHuWaPeHu.70
6340.4563 -1.2 14 0 2 e 24 2 0 1 e 25 19LiHuWaPeHu.71
6341.7633 -0.7 14 0 2 e 23 2 0 1 e 24 19LiHuWaPeHu.72
6343.0523 -1.6 14 0 2 e 22 2 0 1 e 23 19LiHuWaPeHu.73
6344.3213 -1.9 14 0 2 e 21 2 0 1 e 22 19LiHuWaPeHu.74
6345.5703 -1.6 14 0 2 e 20 2 0 1 e 21 19LiHuWaPeHu.75
6346.7993 -0.8 14 0 2 e 19 2 0 1 e 20 19LiHuWaPeHu.76
6350.3733 -1.8 14 0 2 e 16 2 0 1 e 17 19LiHuWaPeHu.77
6351.5233 0.3 14 0 2 e 15 2 0 1 e 16 19LiHuWaPeHu.78
6352.6593 -3.1 14 0 2 e 14 2 0 1 e 15 19LiHuWaPeHu.79
6356.9903 1.6 14 0 2 e 10 2 0 1 e 11 19LiHuWaPeHu.80
6361.0143 1.3 14 0 2 e 6 2 0 1 e 7 19LiHuWaPeHu.81
6361.9773 -4.6 14 0 2 e 5 2 0 1 e 6 19LiHuWaPeHu.82
6362.9163 -6.0 14 0 2 e 4 2 0 1 e 5 19LiHuWaPeHu.83
6364.7243 2.6 14 0 2 e 2 2 0 1 e 3 19LiHuWaPeHu.84
6368.9253 0.8 14 0 2 e 2 2 0 1 e 1 19LiHuWaPeHu.85
6369.7063 0.9 14 0 2 e 3 2 0 1 e 2 19LiHuWaPeHu.86
6370.4673 1.4 14 0 2 e 4 2 0 1 e 3 19LiHuWaPeHu.87
6371.9313 1.6 14 0 2 e 6 2 0 1 e 5 19LiHuWaPeHu.88
6372.6333 2.3 14 0 2 e 7 2 0 1 e 6 19LiHuWaPeHu.89
6373.3183 0.4 14 0 2 e 8 2 0 1 e 7 19LiHuWaPeHu.90
6373.9803 1.8 14 0 2 e 9 2 0 1 e 8 19LiHuWaPeHu.91
6374.6243 1.6 14 0 2 e 10 2 0 1 e 9 19LiHuWaPeHu.92
6375.2493 0.8 14 0 2 e 11 2 0 1 e 10 19LiHuWaPeHu.93
6377.5513 -1.0 14 0 2 e 15 2 0 1 e 14 19LiHuWaPeHu.94
6378.5813 1.1 14 0 2 e 17 2 0 1 e 16 19LiHuWaPeHu.95
6379.0683 0.6 14 0 2 e 18 2 0 1 e 17 19LiHuWaPeHu.96
6379.5323 3.5 14 0 2 e 19 2 0 1 e 18 19LiHuWaPeHu.97
6379.9823 0.6 14 0 2 e 20 2 0 1 e 19 19LiHuWaPeHu.98
6380.4123 -1.9 14 0 2 e 21 2 0 1 e 20 19LiHuWaPeHu.99
6381.3283 -2.5 14 0 2 e 61 2 0 1 e 60 19LiHuWaPeHu.100
6381.5773 -2.7 14 0 2 e 24 2 0 1 e 23 19LiHuWaPeHu.101
6381.6913 -3.4 14 0 2 e 60 2 0 1 e 59 19LiHuWaPeHu.102
6381.9253 -2.1 14 0 2 e 25 2 0 1 e 24 19LiHuWaPeHu.103
6382.2543 -2.1 14 0 2 e 26 2 0 1 e 25 19LiHuWaPeHu.104
6382.5603 1.1 14 0 2 e 27 2 0 1 e 26 19LiHuWaPeHu.105
6382.6693 -3.3 14 0 2 e 57 2 0 1 e 56 19LiHuWaPeHu.106
6382.8523 -1.5 14 0 2 e 28 2 0 1 e 27 19LiHuWaPeHu.107
6383.1203 0.3 14 0 2 e 29 2 0 1 e 28 19LiHuWaPeHu.108
6383.2023 0.5 14 0 2 e 55 2 0 1 e 54 19LiHuWaPeHu.109
6383.6023 -1.4 14 0 2 e 31 2 0 1 e 30 19LiHuWaPeHu.110
6383.8113 0.2 14 0 2 e 32 2 0 1 e 31 19LiHuWaPeHu.111
6383.8723 2.5 14 0 2 e 52 2 0 1 e 51 19LiHuWaPeHu.112
6384.0003 2.0 14 0 2 e 33 2 0 1 e 32 19LiHuWaPeHu.113
6384.2193 4.8 14 0 2 e 50 2 0 1 e 49 19LiHuWaPeHu.114
6384.3243 0.4 14 0 2 e 35 2 0 1 e 34 19LiHuWaPeHu.115
6384.3683 0.8 14 0 2 e 49 2 0 1 e 48 19LiHuWaPeHu.116
6384.4583 -2.0 14 0 2 e 36 2 0 1 e 35 19LiHuWaPeHu.117
6384.4913 3.0 14 0 2 e 48 2 0 1 e 47 19LiHuWaPeHu.118
6384.5683 -0.2 14 0 2 e 37 2 0 1 e 36 19LiHuWaPeHu.119
6384.7483 3.2 14 0 2 e 45 2 0 1 e 44 19LiHuWaPeHu.120
6384.7853 -0.2 14 0 2 e 40 2 0 1 e 39 19LiHuWaPeHu.121
6384.7853 12.5 14 0 2 e 44 2 0 1 e 43 19LiHuWaPeHu.122
6384.8213 -3.4 14 0 2 e 41 2 0 1 e 40 19LiHuWaPeHu.123
6384.8213 9.6 14 0 2 e 42 2 0 1 e 41 19LiHuWaPeHu.124
6443.0749 -0.3 12 0 2 e 51 0 0 1 e 52 19LiHuWaPeHu.125
6444.4769 9.1 12 0 2 e 50 0 0 1 e 51 19LiHuWaPeHu.126
6445.8849 -0.0 12 0 2 e 49 0 0 1 e 50 19LiHuWaPeHu.127
6448.6429 1.9 12 0 2 e 47 0 0 1 e 48 19LiHuWaPeHu.128
6451.3549 -1.2 12 0 2 e 45 0 0 1 e 46 19LiHuWaPeHu.129
6452.6879 0.9 12 0 2 e 44 0 0 1 e 45 19LiHuWaPeHu.130
6454.0129 -1.9 12 0 2 e 43 0 0 1 e 44 19LiHuWaPeHu.131
6457.9009 -0.9 12 0 2 e 40 0 0 1 e 41 19LiHuWaPeHu.132
6459.1849 -4.4 12 0 2 e 39 0 0 1 e 40 19LiHuWaPeHu.133
6460.4129 5.3 12 0 2 e 38 0 0 1 e 39 19LiHuWaPeHu.134
6464.1259 -0.8 12 0 2 e 35 0 0 1 e 36 19LiHuWaPeHu.135
6465.3309 1.3 12 0 2 e 34 0 0 1 e 35 19LiHuWaPeHu.136
6466.5249 1.9 12 0 2 e 33 0 0 1 e 34 19LiHuWaPeHu.137
6467.7079 1.2 12 0 2 e 32 0 0 1 e 33 19LiHuWaPeHu.138
6468.8779 1.3 12 0 2 e 31 0 0 1 e 32 19LiHuWaPeHu.139
6470.0379 -0.7 12 0 2 e 30 0 0 1 e 31 19LiHuWaPeHu.140
6471.1839 -0.7 12 0 2 e 29 0 0 1 e 30 19LiHuWaPeHu.141
6472.3169 0.4 12 0 2 e 28 0 0 1 e 29 19LiHuWaPeHu.142
6473.4419 -2.2 12 0 2 e 27 0 0 1 e 28 19LiHuWaPeHu.143
6474.5499 0.5 12 0 2 e 26 0 0 1 e 27 19LiHuWaPeHu.144
6475.6499 -0.2 12 0 2 e 25 0 0 1 e 26 19LiHuWaPeHu.145
6476.7369 0.7 12 0 2 e 24 0 0 1 e 25 19LiHuWaPeHu.146
6477.8149 -0.6 12 0 2 e 23 0 0 1 e 24 19LiHuWaPeHu.147
6478.8799 -0.0 12 0 2 e 22 0 0 1 e 23 19LiHuWaPeHu.148
6479.9349 -0.4 12 0 2 e 21 0 0 1 e 22 19LiHuWaPeHu.149
6480.9789 -0.6 12 0 2 e 20 0 0 1 e 21 19LiHuWaPeHu.150
6482.0119 -0.6 12 0 2 e 19 0 0 1 e 20 19LiHuWaPeHu.151
6483.0339 -0.1 12 0 2 e 18 0 0 1 e 19 19LiHuWaPeHu.152
6484.0299 5.9 12 0 2 e 17 0 0 1 e 18 19LiHuWaPeHu.153
6485.0479 -0.4 12 0 2 e 16 0 0 1 e 17 19LiHuWaPeHu.154
6486.0379 1.0 12 0 2 e 15 0 0 1 e 16 19LiHuWaPeHu.155
6487.0199 0.3 12 0 2 e 14 0 0 1 e 15 19LiHuWaPeHu.156
6487.9929 -1.5 12 0 2 e 13 0 0 1 e 14 19LiHuWaPeHu.157
6488.9519 0.8 12 0 2 e 12 0 0 1 e 13 19LiHuWaPeHu.158
6489.9029 1.3 12 0 2 e 11 0 0 1 e 12 19LiHuWaPeHu.159
6490.8449 1.0 12 0 2 e 10 0 0 1 e 11 19LiHuWaPeHu.160
6491.7789 -1.0 12 0 2 e 9 0 0 1 e 10 19LiHuWaPeHu.161
6492.6999 0.4 12 0 2 e 8 0 0 1 e 9 19LiHuWaPeHu.162
6493.6139 -0.7 12 0 2 e 7 0 0 1 e 8 19LiHuWaPeHu.163
6494.5099 6.6 12 0 2 e 6 0 0 1 e 7 19LiHuWaPeHu.164
6495.4109 -0.4 12 0 2 e 5 0 0 1 e 6 19LiHuWaPeHu.165
6496.2949 0.1 12 0 2 e 4 0 0 1 e 5 19LiHuWaPeHu.166
6497.1699 0.3 12 0 2 e 3 0 0 1 e 4 19LiHuWaPeHu.167
6498.0359 0.2 12 0 2 e 2 0 0 1 e 3 19LiHuWaPeHu.168
6444.21592 10.7 11 1 8 e 39 0 0 1 e 40 19LiHuWaPeHu.169
6445.72992 -4.2 11 1 8 e 38 0 0 1 e 39 19LiHuWaPeHu.170
6447.20892 -0.8 11 1 8 e 37 0 0 1 e 38 19LiHuWaPeHu.171
6452.95592 13.7 11 1 8 e 33 0 0 1 e 34 19LiHuWaPeHu.172
6464.94592 1.8 11 1 8 e 24 0 0 1 e 25 19LiHuWaPeHu.173
6466.19492 -0.8 11 1 8 e 23 0 0 1 e 24 19LiHuWaPeHu.174
6467.41592 7.7 11 1 8 e 22 0 0 1 e 23 19LiHuWaPeHu.175
6468.62892 7.3 11 1 8 e 21 0 0 1 e 22 19LiHuWaPeHu.176
6469.83192 -0.1 11 1 8 e 20 0 0 1 e 21 19LiHuWaPeHu.177
6471.01192 -1.5 11 1 8 e 19 0 0 1 e 20 19LiHuWaPeHu.178
6473.31592 0.9 11 1 8 e 17 0 0 1 e 18 19LiHuWaPeHu.179
6474.44392 0.6 11 1 8 e 16 0 0 1 e 17 19LiHuWaPeHu.180
6475.55592 -0.6 11 1 8 e 15 0 0 1 e 16 19LiHuWaPeHu.181
6476.64992 -0.9 11 1 8 e 14 0 0 1 e 15 19LiHuWaPeHu.182
6477.72492 0.8 11 1 8 e 13 0 0 1 e 14 19LiHuWaPeHu.183
6478.78392 1.5 11 1 8 e 12 0 0 1 e 13 19LiHuWaPeHu.184
6479.82792 0.2 11 1 8 e 11 0 0 1 e 12 19LiHuWaPeHu.185
6481.86792 -5.5 11 1 8 e 9 0 0 1 e 10 19LiHuWaPeHu.186
6482.85392 0.1 11 1 8 e 8 0 0 1 e 9 19LiHuWaPeHu.187
6483.82992 -1.4 11 1 8 e 7 0 0 1 e 8 19LiHuWaPeHu.188
6484.77792 8.1 11 1 8 e 6 0 0 1 e 7 19LiHuWaPeHu.189
6485.72592 0.5 11 1 8 e 5 0 0 1 e 6 19LiHuWaPeHu.190
6487.55592 0.2 11 1 8 e 3 0 0 1 e 4 19LiHuWaPeHu.191
6488.45092 -5.6 11 1 8 e 2 0 0 1 e 3 19LiHuWaPeHu.192
6492.63892 -3.8 11 1 8 e 2 0 0 1 e 1 19LiHuWaPeHu.193
6493.42092 0.9 11 1 8 e 3 0 0 1 e 2 19LiHuWaPeHu.194
6494.19192 -0.6 11 1 8 e 4 0 0 1 e 3 19LiHuWaPeHu.195
6494.94292 0.9 11 1 8 e 5 0 0 1 e 4 19LiHuWaPeHu.196
6495.67792 1.2 11 1 8 e 6 0 0 1 e 5 19LiHuWaPeHu.197
6496.40292 -5.5 11 1 8 e 7 0 0 1 e 6 19LiHuWaPeHu.198
6497.09592 2.6 11 1 8 e 8 0 0 1 e 7 19LiHuWaPeHu.199
6497.78492 -2.4 11 1 8 e 9 0 0 1 e 8 19LiHuWaPeHu.200
6498.44892 0.5 11 1 8 e 10 0 0 1 e 9 19LiHuWaPeHu.201
6277.65235 0.0 10 2 1 e 27 0 0 1 e 26 19LiHuWaPeHu.202
6278.69935 0.1 10 2 1 e 29 0 0 1 e 28 19LiHuWaPeHu.203
6280.19035 0.5 10 2 1 e 32 0 0 1 e 31 19LiHuWaPeHu.204
6280.66735 -0.3 10 2 1 e 33 0 0 1 e 32 19LiHuWaPeHu.205
6282.03335 -0.2 10 2 1 e 36 0 0 1 e 35 19LiHuWaPeHu.206
6283.30735 -0.7 10 2 1 e 39 0 0 1 e 38 19LiHuWaPeHu.207
6284.48935 -0.9 10 2 1 e 42 0 0 1 e 41 19LiHuWaPeHu.208
6284.86235 -0.1 10 2 1 e 43 0 0 1 e 42 19LiHuWaPeHu.209
6285.22435 1.6 10 2 1 e 44 0 0 1 e 43 19LiHuWaPeHu.210
6286.25635 1.0 10 2 1 e 47 0 0 1 e 46 19LiHuWaPeHu.211
6286.58135 -0.1 10 2 1 e 48 0 0 1 e 47 19LiHuWaPeHu.212
6287.49535 -1.3 10 2 1 e 51 0 0 1 e 50 19LiHuWaPeHu.213
6288.05335 0.1 10 2 1 e 53 0 0 1 e 52 19LiHuWaPeHu.214
6288.31835 0.2 10 2 1 e 54 0 0 1 e 53 19LiHuWaPeHu.215
6289.28135 -0.1 10 2 1 e 58 0 0 1 e 57 19LiHuWaPeHu.216
6289.49735 0.2 10 2 1 e 59 0 0 1 e 58 19LiHuWaPeHu.217
6314.62035 -0.2 12 0 1 e 80 0 0 1 e 81 19LiHuWaPeHu.218
6326.53135 1.0 12 0 1 e 75 0 0 1 e 76 19LiHuWaPeHu.219
6328.85635 -0.2 12 0 1 e 74 0 0 1 e 75 19LiHuWaPeHu.220
6331.15935 1.0 12 0 1 e 73 0 0 1 e 74 19LiHuWaPeHu.221
6333.44535 -0.3 12 0 1 e 72 0 0 1 e 73 19LiHuWaPeHu.222
6344.57535 -0.8 12 0 1 e 67 0 0 1 e 68 19LiHuWaPeHu.223
6346.74235 -0.7 12 0 1 e 66 0 0 1 e 67 19LiHuWaPeHu.224
6348.88935 -0.3 12 0 1 e 65 0 0 1 e 66 19LiHuWaPeHu.225
6351.01635 0.5 12 0 1 e 64 0 0 1 e 65 19LiHuWaPeHu.226
6353.12635 -1.3 12 0 1 e 63 0 0 1 e 64 19LiHuWaPeHu.227
6355.21335 0.2 12 0 1 e 62 0 0 1 e 63 19LiHuWaPeHu.228
6357.28335 -0.9 12 0 1 e 61 0 0 1 e 62 19LiHuWaPeHu.229
6359.33235 -0.6 12 0 1 e 60 0 0 1 e 61 19LiHuWaPeHu.230
6361.36235 -1.1 12 0 1 e 59 0 0 1 e 60 19LiHuWaPeHu.231
6445.19810 0.1 12 0 1 e 1 0 0 1 e 2 19LiHuWaPeHu.232
6444.31950 0.7 12 0 1 e 2 0 0 1 e 3 19LiHuWaPeHu.233
6443.42160 0.6 12 0 1 e 3 0 0 1 e 4 19LiHuWaPeHu.234
6442.50400 0.2 12 0 1 e 4 0 0 1 e 5 19LiHuWaPeHu.235
6441.56660 -0.4 12 0 1 e 5 0 0 1 e 6 19LiHuWaPeHu.236
6440.60840 -0.1 12 0 1 e 6 0 0 1 e 7 19LiHuWaPeHu.237
6439.62990 0.4 12 0 1 e 7 0 0 1 e 8 19LiHuWaPeHu.238
6438.63180 0.5 12 0 1 e 8 0 0 1 e 9 19LiHuWaPeHu.239
6437.61410 0.3 12 0 1 e 9 0 0 1 e 10 19LiHuWaPeHu.240
6436.57690 -0.4 12 0 1 e 10 0 0 1 e 11 19LiHuWaPeHu.241
6435.51870 -0.1 12 0 1 e 11 0 0 1 e 12 19LiHuWaPeHu.242
6434.44070 0.1 12 0 1 e 12 0 0 1 e 13 19LiHuWaPeHu.243
6433.34280 0.1 12 0 1 e 13 0 0 1 e 14 19LiHuWaPeHu.244
6432.22440 0.8 12 0 1 e 14 0 0 1 e 15 19LiHuWaPeHu.245
6431.08770 -0.2 12 0 1 e 15 0 0 1 e 16 19LiHuWaPeHu.246
6429.93020 -0.4 12 0 1 e 16 0 0 1 e 17 19LiHuWaPeHu.247
6427.55480 -0.1 12 0 1 e 18 0 0 1 e 19 19LiHuWaPeHu.248
6426.33770 -0.5 12 0 1 e 19 0 0 1 e 20 19LiHuWaPeHu.249
6425.10060 -0.8 12 0 1 e 20 0 0 1 e 21 19LiHuWaPeHu.250
6423.84260 -0.1 12 0 1 e 21 0 0 1 e 22 19LiHuWaPeHu.251
6422.56580 -0.5 12 0 1 e 22 0 0 1 e 23 19LiHuWaPeHu.252
6421.26920 -1.0 12 0 1 e 23 0 0 1 e 24 19LiHuWaPeHu.253
6419.95140 -0.3 12 0 1 e 24 0 0 1 e 25 19LiHuWaPeHu.254
6418.61410 0.1 12 0 1 e 25 0 0 1 e 26 19LiHuWaPeHu.255
6417.25770 -0.3 12 0 1 e 26 0 0 1 e 27 19LiHuWaPeHu.256
6415.88100 -0.3 12 0 1 e 27 0 0 1 e 28 19LiHuWaPeHu.257
6414.48400 0.1 12 0 1 e 28 0 0 1 e 29 19LiHuWaPeHu.258
6413.06810 -0.5 12 0 1 e 29 0 0 1 e 30 19LiHuWaPeHu.259
6411.63190 -0.6 12 0 1 e 30 0 0 1 e 31 19LiHuWaPeHu.260
6410.17500 0.1 12 0 1 e 31 0 0 1 e 32 19LiHuWaPeHu.261
6408.69930 -0.3 12 0 1 e 32 0 0 1 e 33 19LiHuWaPeHu.262
6407.20330 -0.2 12 0 1 e 33 0 0 1 e 34 19LiHuWaPeHu.263
6405.68770 -0.4 12 0 1 e 34 0 0 1 e 35 19LiHuWaPeHu.264
6404.15270 -1.0 12 0 1 e 35 0 0 1 e 36 19LiHuWaPeHu.265
6402.59650 -0.2 12 0 1 e 36 0 0 1 e 37 19LiHuWaPeHu.266
6401.02140 -0.4 12 0 1 e 37 0 0 1 e 38 19LiHuWaPeHu.267
6399.42630 -0.4 12 0 1 e 38 0 0 1 e 39 19LiHuWaPeHu.268
6397.81170 -0.7 12 0 1 e 39 0 0 1 e 40 19LiHuWaPeHu.269
6396.17700 -0.7 12 0 1 e 40 0 0 1 e 41 19LiHuWaPeHu.270
6394.52180 -0.0 12 0 1 e 41 0 0 1 e 42 19LiHuWaPeHu.271
6392.84830 -0.8 12 0 1 e 42 0 0 1 e 43 19LiHuWaPeHu.272
6391.15380 -0.4 12 0 1 e 43 0 0 1 e 44 19LiHuWaPeHu.273
6387.70310 2.7 12 0 1 e 45 0 0 1 e 46 19LiHuWaPeHu.274
6385.95320 -0.9 12 0 1 e 46 0 0 1 e 47 19LiHuWaPeHu.275
6384.18010 -1.0 12 0 1 e 47 0 0 1 e 48 19LiHuWaPeHu.276
6382.38600 0.2 12 0 1 e 48 0 0 1 e 49 19LiHuWaPeHu.277
6380.57200 1.4 12 0 1 e 49 0 0 1 e 50 19LiHuWaPeHu.278
6378.74210 -1.1 12 0 1 e 50 0 0 1 e 51 19LiHuWaPeHu.279
6376.89050 -1.8 12 0 1 e 51 0 0 1 e 52 19LiHuWaPeHu.280
6375.01580 1.0 12 0 1 e 52 0 0 1 e 53 19LiHuWaPeHu.281
6373.12490 0.2 12 0 1 e 53 0 0 1 e 54 19LiHuWaPeHu.282
6371.21690 -3.2 12 0 1 e 54 0 0 1 e 55 19LiHuWaPeHu.283
6369.28350 -0.9 12 0 1 e 55 0 0 1 e 56 19LiHuWaPeHu.284
6367.33200 -0.2 12 0 1 e 56 0 0 1 e 57 19LiHuWaPeHu.285
6365.36200 -0.3 12 0 1 e 57 0 0 1 e 58 19LiHuWaPeHu.286
6444.62992 0.3 12 0 1 e 85 0 0 1 e 84 19LiHuWaPeHu.287
6447.18692 3.6 12 0 1 e 82 0 0 1 e 81 19LiHuWaPeHu.288
6448.79692 -0.6 12 0 1 e 80 0 0 1 e 79 19LiHuWaPeHu.289
6449.56892 0.1 12 0 1 e 79 0 0 1 e 78 19LiHuWaPeHu.290
6451.05392 -0.2 12 0 1 e 77 0 0 1 e 76 19LiHuWaPeHu.291
6451.76692 -1.1 12 0 1 e 76 0 0 1 e 75 19LiHuWaPeHu.292
6452.45892 -1.3 12 0 1 e 75 0 0 1 e 74 19LiHuWaPeHu.293
6453.12892 0.4 12 0 1 e 74 0 0 1 e 73 19LiHuWaPeHu.294
6453.77892 1.9 12 0 1 e 73 0 0 1 e 72 19LiHuWaPeHu.295
6454.41192 0.2 12 0 1 e 72 0 0 1 e 71 19LiHuWaPeHu.296
6455.02292 0.3 12 0 1 e 71 0 0 1 e 70 19LiHuWaPeHu.297
6455.61392 0.2 12 0 1 e 70 0 0 1 e 69 19LiHuWaPeHu.298
6456.18492 -0.1 12 0 1 e 69 0 0 1 e 68 19LiHuWaPeHu.299
6456.73592 -0.6 12 0 1 e 68 0 0 1 e 67 19LiHuWaPeHu.300
6457.26692 -1.2 12 0 1 e 67 0 0 1 e 66 19LiHuWaPeHu.301
6457.77492 1.0 12 0 1 e 66 0 0 1 e 65 19LiHuWaPeHu.302
6458.26392 1.9 12 0 1 e 65 0 0 1 e 64 19LiHuWaPeHu.303
6458.73592 -0.3 12 0 1 e 64 0 0 1 e 63 19LiHuWaPeHu.304
6459.18492 0.3 12 0 1 e 63 0 0 1 e 62 19LiHuWaPeHu.305
6459.61292 1.7 12 0 1 e 62 0 0 1 e 61 19LiHuWaPeHu.306
6460.02392 -0.1 12 0 1 e 61 0 0 1 e 60 19LiHuWaPeHu.307
6460.41292 -0.0 12 0 1 e 60 0 0 1 e 59 19LiHuWaPeHu.308
6460.77992 1.8 12 0 1 e 59 0 0 1 e 58 19LiHuWaPeHu.309
6461.12992 0.5 12 0 1 e 58 0 0 1 e 57 19LiHuWaPeHu.310
6461.45892 0.0 12 0 1 e 57 0 0 1 e 56 19LiHuWaPeHu.311
6461.76692 0.3 12 0 1 e 56 0 0 1 e 55 19LiHuWaPeHu.312
6449.28860 -0.7 12 0 1 e 3 0 0 1 e 2 19LiHuWaPeHu.313
6453.53520 -0.7 12 0 1 e 9 0 0 1 e 8 19LiHuWaPeHu.314
6454.17390 -1.8 12 0 1 e 10 0 0 1 e 9 19LiHuWaPeHu.315
6454.78880 0.8 12 0 1 e 11 0 0 1 e 10 19LiHuWaPeHu.316
6455.38750 -0.4 12 0 1 e 12 0 0 1 e 11 19LiHuWaPeHu.317
6455.96580 -1.3 12 0 1 e 13 0 0 1 e 12 19LiHuWaPeHu.318
6456.52140 0.4 12 0 1 e 14 0 0 1 e 13 19LiHuWaPeHu.319
6457.05840 0.7 12 0 1 e 15 0 0 1 e 14 19LiHuWaPeHu.320
6457.57680 -0.5 12 0 1 e 16 0 0 1 e 15 19LiHuWaPeHu.321
6458.07310 0.3 12 0 1 e 17 0 0 1 e 16 19LiHuWaPeHu.322
6458.55030 0.1 12 0 1 e 18 0 0 1 e 17 19LiHuWaPeHu.323
6459.00630 1.0 12 0 1 e 19 0 0 1 e 18 19LiHuWaPeHu.324
6459.44390 0.3 12 0 1 e 20 0 0 1 e 19 19LiHuWaPeHu.325
6459.86090 0.0 12 0 1 e 21 0 0 1 e 20 19LiHuWaPeHu.326
6460.25520 2.4 12 0 1 e 22 0 0 1 e 21 19LiHuWaPeHu.327
6460.63350 0.6 12 0 1 e 23 0 0 1 e 22 19LiHuWaPeHu.328
6460.99080 -0.2 12 0 1 e 24 0 0 1 e 23 19LiHuWaPeHu.329
6461.32600 0.9 12 0 1 e 25 0 0 1 e 24 19LiHuWaPeHu.330
6461.64280 0.4 12 0 1 e 26 0 0 1 e 25 19LiHuWaPeHu.331
6461.93930 0.0 12 0 1 e 27 0 0 1 e 26 19LiHuWaPeHu.332
6462.21490 0.4 12 0 1 e 28 0 0 1 e 27 19LiHuWaPeHu.333
6462.47160 -0.4 12 0 1 e 29 0 0 1 e 28 19LiHuWaPeHu.334
6462.70750 -0.5 12 0 1 e 30 0 0 1 e 29 19LiHuWaPeHu.335
6462.92250 0.2 12 0 1 e 31 0 0 1 e 30 19LiHuWaPeHu.336
6463.11790 0.3 12 0 1 e 32 0 0 1 e 31 19LiHuWaPeHu.337
6463.30190 -8.3 12 0 1 e 33 0 0 1 e 32 19LiHuWaPeHu.338
6463.44900 -0.1 12 0 1 e 34 0 0 1 e 33 19LiHuWaPeHu.339
6463.58370 0.3 12 0 1 e 35 0 0 1 e 34 19LiHuWaPeHu.340
6463.69900 0.0 12 0 1 e 36 0 0 1 e 35 19LiHuWaPeHu.341
6463.79330 0.6 12 0 1 e 37 0 0 1 e 36 19LiHuWaPeHu.342
6463.86840 0.2 12 0 1 e 38 0 0 1 e 37 19LiHuWaPeHu.343
6463.92360 -0.4 12 0 1 e 39 0 0 1 e 38 19LiHuWaPeHu.344
6463.96450 7.4 12 0 1 e 41 0 0 1 e 40 19LiHuWaPeHu.345
6463.96450 1.6 12 0 1 e 42 0 0 1 e 41 19LiHuWaPeHu.346
6463.94100 -1.0 12 0 1 e 43 0 0 1 e 42 19LiHuWaPeHu.347
6463.89370 0.2 12 0 1 e 44 0 0 1 e 43 19LiHuWaPeHu.348
6463.82720 0.4 12 0 1 e 45 0 0 1 e 44 19LiHuWaPeHu.349
6463.73990 1.2 12 0 1 e 46 0 0 1 e 45 19LiHuWaPeHu.350
6463.63330 1.1 12 0 1 e 47 0 0 1 e 46 19LiHuWaPeHu.351
6463.50630 1.3 12 0 1 e 48 0 0 1 e 47 19LiHuWaPeHu.352
6463.36030 0.4 12 0 1 e 49 0 0 1 e 48 19LiHuWaPeHu.353
6463.19300 0.6 12 0 1 e 50 0 0 1 e 49 19LiHuWaPeHu.354
6463.00640 -0.1 12 0 1 e 51 0 0 1 e 50 19LiHuWaPeHu.355
6462.79870 0.1 12 0 1 e 52 0 0 1 e 51 19LiHuWaPeHu.356
6462.57040 0.8 12 0 1 e 53 0 0 1 e 52 19LiHuWaPeHu.357
6462.32330 0.1 12 0 1 e 54 0 0 1 e 53 19LiHuWaPeHu.358
6462.04990 5.5 12 0 1 e 55 0 0 1 e 54 19LiHuWaPeHu.359
6371.74535 0.4 12 0 12 e 40 2 0 1 e 41 19LiHuWaPeHu.360
6373.38535 -1.4 12 0 12 e 39 2 0 1 e 40 19LiHuWaPeHu.361
6376.60735 0.7 12 0 12 e 37 2 0 1 e 38 19LiHuWaPeHu.362
6381.30935 1.3 12 0 12 e 34 2 0 1 e 35 19LiHuWaPeHu.363
6387.32435 -0.1 12 0 12 e 30 2 0 1 e 31 19LiHuWaPeHu.364
6388.78035 0.4 12 0 12 e 29 2 0 1 e 30 19LiHuWaPeHu.365
6390.21935 -1.2 12 0 12 e 28 2 0 1 e 29 19LiHuWaPeHu.366
6391.63835 -2.0 12 0 12 e 27 2 0 1 e 28 19LiHuWaPeHu.367
6393.03235 2.8 12 0 12 e 26 2 0 1 e 27 19LiHuWaPeHu.368
6398.43492 -0.9 12 0 12 e 22 2 0 1 e 23 19LiHuWaPeHu.369
6399.73292 1.1 12 0 12 e 21 2 0 1 e 22 19LiHuWaPeHu.370
6407.10892 -0.8 12 0 12 e 15 2 0 1 e 16 19LiHuWaPeHu.371
6408.26492 0.3 12 0 12 e 14 2 0 1 e 15 19LiHuWaPeHu.372
6409.40092 0.6 12 0 12 e 13 2 0 1 e 14 19LiHuWaPeHu.373
6410.51692 0.1 12 0 12 e 12 2 0 1 e 13 19LiHuWaPeHu.374
6412.68492 0.2 12 0 12 e 10 2 0 1 e 11 19LiHuWaPeHu.375
6414.76892 0.2 12 0 12 e 8 2 0 1 e 9 19LiHuWaPeHu.376
6416.76792 0.5 12 0 12 e 6 2 0 1 e 7 19LiHuWaPeHu.377
6417.73492 1.4 12 0 12 e 5 2 0 1 e 6 19LiHuWaPeHu.378
6420.51392 -1.9 12 0 12 e 2 2 0 1 e 3 19LiHuWaPeHu.379
6424.71292 -1.7 12 0 12 e 2 2 0 1 e 1 19LiHuWaPeHu.380
6425.48692 0.0 12 0 12 e 3 2 0 1 e 2 19LiHuWaPeHu.381
6426.97292 1.3 12 0 12 e 5 2 0 1 e 4 19LiHuWaPeHu.382
6428.37492 1.1 12 0 12 e 7 2 0 1 e 6 19LiHuWaPeHu.383
6429.04392 1.1 12 0 12 e 8 2 0 1 e 7 19LiHuWaPeHu.384
6429.69292 -0.2 12 0 12 e 9 2 0 1 e 8 19LiHuWaPeHu.385
6430.31992 -0.7 12 0 12 e 10 2 0 1 e 9 19LiHuWaPeHu.386
6430.92492 -0.4 12 0 12 e 11 2 0 1 e 10 19LiHuWaPeHu.387
6431.50792 0.7 12 0 12 e 12 2 0 1 e 11 19LiHuWaPeHu.388
6432.07392 -2.2 12 0 12 e 13 2 0 1 e 12 19LiHuWaPeHu.389
6432.61292 0.8 12 0 12 e 14 2 0 1 e 13 19LiHuWaPeHu.390
6433.13492 -0.1 12 0 12 e 15 2 0 1 e 14 19LiHuWaPeHu.391
6433.63492 0.1 12 0 12 e 16 2 0 1 e 15 19LiHuWaPeHu.392
6434.11492 -0.6 12 0 12 e 17 2 0 1 e 16 19LiHuWaPeHu.393
6435.01192 -1.1 12 0 12 e 19 2 0 1 e 18 19LiHuWaPeHu.394
6435.82392 1.1 12 0 12 e 21 2 0 1 e 20 19LiHuWaPeHu.395
6436.20092 0.6 12 0 12 e 22 2 0 1 e 21 19LiHuWaPeHu.396
6436.89292 0.7 12 0 12 e 24 2 0 1 e 23 19LiHuWaPeHu.397
6437.20992 -0.4 12 0 12 e 25 2 0 1 e 24 19LiHuWaPeHu.398
6438.03992 -1.9 12 0 12 e 28 2 0 1 e 27 19LiHuWaPeHu.399
6438.27592 -1.1 12 0 12 e 29 2 0 1 e 28 19LiHuWaPeHu.400
6438.86892 0.3 12 0 12 e 32 2 0 1 e 31 19LiHuWaPeHu.401
6439.02792 1.2 12 0 12 e 33 2 0 1 e 32 19LiHuWaPeHu.402
6439.16792 2.3 12 0 12 e 34 2 0 1 e 33 19LiHuWaPeHu.403
6439.29492 -2.3 12 0 12 e 35 2 0 1 e 34 19LiHuWaPeHu.404
6281.83335 -0.4 12 0 12 e 5 2 0 2 e 6 19LiHuWaPeHu.405
6285.39035 0.6 12 0 12 e 1 2 0 2 e 2 19LiHuWaPeHu.406
6289.48335 -0.2 12 0 12 e 3 2 0 2 e 2 19LiHuWaPeHu.407
6290.25335 0.9 12 0 12 e 4 2 0 2 e 3 19LiHuWaPeHu.408
6291.00935 0.2 12 0 12 e 5 2 0 2 e 4 19LiHuWaPeHu.409
6291.75035 -1.3 12 0 12 e 6 2 0 2 e 5 19LiHuWaPeHu.410
6293.87235 0.6 12 0 12 e 9 2 0 2 e 8 19LiHuWaPeHu.411
6294.54935 0.1 12 0 12 e 10 2 0 2 e 9 19LiHuWaPeHu.412
6295.21035 -0.2 12 0 12 e 11 2 0 2 e 10 19LiHuWaPeHu.413
6295.85535 -0.1 12 0 12 e 12 2 0 2 e 11 19LiHuWaPeHu.414
6296.48435 0.3 12 0 12 e 13 2 0 2 e 12 19LiHuWaPeHu.415
6297.09835 0.1 12 0 12 e 14 2 0 2 e 13 19LiHuWaPeHu.416
6297.69735 -0.7 12 0 12 e 15 2 0 2 e 14 19LiHuWaPeHu.417
6298.27835 0.9 12 0 12 e 16 2 0 2 e 15 19LiHuWaPeHu.418
6298.84535 0.9 12 0 12 e 17 2 0 2 e 16 19LiHuWaPeHu.419
6299.93435 -0.5 12 0 12 e 19 2 0 2 e 18 19LiHuWaPeHu.420
6300.45535 -0.8 12 0 12 e 20 2 0 2 e 19 19LiHuWaPeHu.421
6300.95835 1.5 12 0 12 e 21 2 0 2 e 20 19LiHuWaPeHu.422
6301.44935 0.5 12 0 12 e 22 2 0 2 e 21 19LiHuWaPeHu.423
6301.92435 0.2 12 0 12 e 23 2 0 2 e 22 19LiHuWaPeHu.424
6302.38535 -1.3 12 0 12 e 24 2 0 2 e 23 19LiHuWaPeHu.425
6302.82835 0.0 12 0 12 e 25 2 0 2 e 24 19LiHuWaPeHu.426
6303.25835 -0.7 12 0 12 e 26 2 0 2 e 25 19LiHuWaPeHu.427
6303.67135 0.5 12 0 12 e 27 2 0 2 e 26 19LiHuWaPeHu.428
6304.07135 -0.2 12 0 12 e 28 2 0 2 e 27 19LiHuWaPeHu.429
6304.45535 0.2 12 0 12 e 29 2 0 2 e 28 19LiHuWaPeHu.430
6304.82435 0.9 12 0 12 e 30 2 0 2 e 29 19LiHuWaPeHu.431
6305.18035 -0.2 12 0 12 e 31 2 0 2 e 30 19LiHuWaPeHu.432
6305.52035 0.1 12 0 12 e 32 2 0 2 e 31 19LiHuWaPeHu.433
6305.84535 0.9 12 0 12 e 33 2 0 2 e 32 19LiHuWaPeHu.434
6306.15835 -0.8 12 0 12 e 34 2 0 2 e 33 19LiHuWaPeHu.435
6306.73835 -0.9 12 0 12 e 36 2 0 2 e 35 19LiHuWaPeHu.436
6307.00735 -1.2 12 0 12 e 37 2 0 2 e 36 19LiHuWaPeHu.437
6307.26035 0.5 12 0 12 e 38 2 0 2 e 37 19LiHuWaPeHu.438
6307.72835 0.5 12 0 12 e 40 2 0 2 e 39 19LiHuWaPeHu.439
6308.14235 0.1 12 0 12 e 42 2 0 2 e 41 19LiHuWaPeHu.440
6308.32935 -0.1 12 0 12 e 43 2 0 2 e 42 19LiHuWaPeHu.441
6308.81135 -0.1 12 0 12 e 46 2 0 2 e 45 19LiHuWaPeHu.442
6308.94635 -0.0 12 0 12 e 47 2 0 2 e 46 19LiHuWaPeHu.443
6309.06835 0.6 12 0 12 e 48 2 0 2 e 47 19LiHuWaPeHu.444
6309.17935 -0.1 12 0 12 e 49 2 0 2 e 48 19LiHuWaPeHu.445
6309.36335 0.5 12 0 12 e 51 2 0 2 e 50 19LiHuWaPeHu.446
6309.50235 -0.6 12 0 12 e 53 2 0 2 e 52 19LiHuWaPeHu.447
6285.03035 0.2 14 0 1 e 59 2 0 2 e 60 19LiHuWaPeHu.448
6296.78635 -0.6 14 0 1 e 53 2 0 2 e 54 19LiHuWaPeHu.449
6300.54735 -1.7 14 0 1 e 51 2 0 2 e 52 19LiHuWaPeHu.450
6304.22235 3.9 14 0 1 e 49 2 0 2 e 50 19LiHuWaPeHu.451
6306.03735 -0.6 14 0 1 e 48 2 0 2 e 49 19LiHuWaPeHu.452
6309.59935 -0.8 14 0 1 e 46 2 0 2 e 47 19LiHuWaPeHu.453
6311.34935 0.3 14 0 1 e 45 2 0 2 e 46 19LiHuWaPeHu.454
6313.08035 0.6 14 0 1 e 44 2 0 2 e 45 19LiHuWaPeHu.455
6314.79635 -3.9 14 0 1 e 43 2 0 2 e 44 19LiHuWaPeHu.456
6316.48535 -1.2 14 0 1 e 42 2 0 2 e 43 19LiHuWaPeHu.457
6318.15635 -0.4 14 0 1 e 41 2 0 2 e 42 19LiHuWaPeHu.458
6319.80835 -0.4 14 0 1 e 40 2 0 2 e 41 19LiHuWaPeHu.459
6321.44135 -1.2 14 0 1 e 39 2 0 2 e 40 19LiHuWaPeHu.460
6323.05435 -1.9 14 0 1 e 38 2 0 2 e 39 19LiHuWaPeHu.461
6326.21735 0.3 14 0 1 e 36 2 0 2 e 37 19LiHuWaPeHu.462
6327.77135 -0.9 14 0 1 e 35 2 0 2 e 36 19LiHuWaPeHu.463
6330.82135 -4.9 14 0 1 e 33 2 0 2 e 34 19LiHuWaPeHu.464
6333.78435 -1.4 14 0 1 e 31 2 0 2 e 32 19LiHuWaPeHu.465
6335.23735 -0.9 14 0 1 e 30 2 0 2 e 31 19LiHuWaPeHu.466
6336.66835 1.7 14 0 1 e 29 2 0 2 e 30 19LiHuWaPeHu.467
6338.08335 0.3 14 0 1 e 28 2 0 2 e 29 19LiHuWaPeHu.468
6339.47835 -0.9 14 0 1 e 27 2 0 2 e 28 19LiHuWaPeHu.469
6340.85335 -2.0 14 0 1 e 26 2 0 2 e 27 19LiHuWaPeHu.470
6343.55635 -16.9 14 0 1 e 24 2 0 2 e 25 19LiHuWaPeHu.471
6344.85435 -0.8 14 0 1 e 23 2 0 2 e 24 19LiHuWaPeHu.472
6346.14835 -0.6 14 0 1 e 22 2 0 2 e 23 19LiHuWaPeHu.473
6347.42335 -1.3 14 0 1 e 21 2 0 2 e 22 19LiHuWaPeHu.474
6348.67635 0.0 14 0 1 e 20 2 0 2 e 21 19LiHuWaPeHu.475
6349.91035 0.4 14 0 1 e 19 2 0 2 e 20 19LiHuWaPeHu.476
6351.12035 4.9 14 0 1 e 18 2 0 2 e 19 19LiHuWaPeHu.477
6352.32035 -0.6 14 0 1 e 17 2 0 2 e 18 19LiHuWaPeHu.478
6353.49435 -0.1 14 0 1 e 16 2 0 2 e 17 19LiHuWaPeHu.479
6354.65035 -1.6 14 0 1 e 15 2 0 2 e 16 19LiHuWaPeHu.480
6356.89735 0.6 14 0 1 e 13 2 0 2 e 14 19LiHuWaPeHu.481
6359.06835 -1.2 14 0 1 e 11 2 0 2 e 12 19LiHuWaPeHu.482
6360.12235 -0.6 14 0 1 e 10 2 0 2 e 11 19LiHuWaPeHu.483
6361.14435 12.0 14 0 1 e 9 2 0 2 e 10 19LiHuWaPeHu.484
6363.16635 -0.8 14 0 1 e 7 2 0 2 e 8 19LiHuWaPeHu.485
6364.13935 0.8 14 0 1 e 6 2 0 2 e 7 19LiHuWaPeHu.486
6366.02835 0.8 14 0 1 e 4 2 0 2 e 5 19LiHuWaPeHu.487
6366.94335 0.2 14 0 1 e 3 2 0 2 e 4 19LiHuWaPeHu.488
6367.83835 -0.4 14 0 1 e 2 2 0 2 e 3 19LiHuWaPeHu.489
6368.71135 1.0 14 0 1 e 1 2 0 2 e 2 19LiHuWaPeHu.490
6372.00835 0.9 14 0 1 e 2 2 0 2 e 1 19LiHuWaPeHu.491
6372.78335 -0.1 14 0 1 e 3 2 0 2 e 2 19LiHuWaPeHu.492
6373.53635 0.9 14 0 1 e 4 2 0 2 e 3 19LiHuWaPeHu.493
6374.27035 0.8 14 0 1 e 5 2 0 2 e 4 19LiHuWaPeHu.494
6374.98535 -0.3 14 0 1 e 6 2 0 2 e 5 19LiHuWaPeHu.495
6375.67935 -0.6 14 0 1 e 7 2 0 2 e 6 19LiHuWaPeHu.496
6376.35035 2.1 14 0 1 e 8 2 0 2 e 7 19LiHuWaPeHu.497
6377.63935 0.2 14 0 1 e 10 2 0 2 e 9 19LiHuWaPeHu.498
6378.25335 -0.5 14 0 1 e 11 2 0 2 e 10 19LiHuWaPeHu.499
6378.84735 -1.2 14 0 1 e 12 2 0 2 e 11 19LiHuWaPeHu.500
6379.41935 0.1 14 0 1 e 13 2 0 2 e 12 19LiHuWaPeHu.501
6379.98235 -9.9 14 0 1 e 14 2 0 2 e 13 19LiHuWaPeHu.502
6380.50835 -2.9 14 0 1 e 15 2 0 2 e 14 19LiHuWaPeHu.503
6381.01935 -1.0 14 0 1 e 16 2 0 2 e 15 19LiHuWaPeHu.504
6381.51635 -5.2 14 0 1 e 17 2 0 2 e 16 19LiHuWaPeHu.505
6381.98335 0.5 14 0 1 e 18 2 0 2 e 17 19LiHuWaPeHu.506
6382.43435 2.1 14 0 1 e 19 2 0 2 e 18 19LiHuWaPeHu.507
6382.86935 -0.4 14 0 1 e 20 2 0 2 e 19 19LiHuWaPeHu.508
6383.28735 -6.1 14 0 1 e 21 2 0 2 e 20 19LiHuWaPeHu.509
6383.67235 1.2 14 0 1 e 22 2 0 2 e 21 19LiHuWaPeHu.510
6384.04535 0.3 14 0 1 e 23 2 0 2 e 22 19LiHuWaPeHu.511
6384.39835 -0.6 14 0 1 e 24 2 0 2 e 23 19LiHuWaPeHu.512
6385.03935 2.1 14 0 1 e 26 2 0 2 e 25 19LiHuWaPeHu.513
6385.33335 -0.2 14 0 1 e 27 2 0 2 e 26 19LiHuWaPeHu.514
6385.60535 -0.6 14 0 1 e 28 2 0 2 e 27 19LiHuWaPeHu.515
6386.08635 1.3 14 0 1 e 30 2 0 2 e 29 19LiHuWaPeHu.516
6386.29735 1.5 14 0 1 e 31 2 0 2 e 30 19LiHuWaPeHu.517
6386.48635 3.7 14 0 1 e 32 2 0 2 e 31 19LiHuWaPeHu.518
6386.65835 2.7 14 0 1 e 33 2 0 2 e 32 19LiHuWaPeHu.519
6386.81035 1.7 14 0 1 e 34 2 0 2 e 33 19LiHuWaPeHu.520
6386.94035 2.5 14 0 1 e 35 2 0 2 e 34 19LiHuWaPeHu.521
6387.20935 6.4 14 0 1 e 44 2 0 2 e 43 19LiHuWaPeHu.522
6387.20935 5.4 14 0 1 e 38 2 0 2 e 37 19LiHuWaPeHu.523
6387.25835 6.8 14 0 1 e 39 2 0 2 e 38 19LiHuWaPeHu.524
6387.25835 7.5 14 0 1 e 43 2 0 2 e 42 19LiHuWaPeHu.525
6387.28835 17.4 14 0 1 e 41 2 0 2 e 40 19LiHuWaPeHu.526
6387.28835 7.1 14 0 1 e 40 2 0 2 e 39 19LiHuWaPeHu.527
6387.28835 7.5 14 0 1 e 42 2 0 2 e 41 19LiHuWaPeHu.528
6294.75135 0.2 12 0 13 e 42 2 0 1 e 43 19LiHuWaPeHu.529
6301.12635 0.5 12 0 13 e 38 2 0 1 e 39 19LiHuWaPeHu.530
6302.67535 -1.8 12 0 13 e 37 2 0 1 e 38 19LiHuWaPeHu.531
6307.21235 -0.6 12 0 13 e 34 2 0 1 e 35 19LiHuWaPeHu.532
6310.14235 2.6 12 0 13 e 32 2 0 1 e 33 19LiHuWaPeHu.533
6319.82435 0.9 12 0 13 e 25 2 0 1 e 26 19LiHuWaPeHu.534
6321.13735 -0.0 12 0 13 e 24 2 0 1 e 25 19LiHuWaPeHu.535
6322.42735 -0.0 12 0 13 e 23 2 0 1 e 24 19LiHuWaPeHu.536
6324.95335 0.4 12 0 13 e 21 2 0 1 e 22 19LiHuWaPeHu.537
6327.40535 -0.3 12 0 13 e 19 2 0 1 e 20 19LiHuWaPeHu.538
6328.60235 0.2 12 0 13 e 18 2 0 1 e 19 19LiHuWaPeHu.539
6330.94235 -0.6 12 0 13 e 16 2 0 1 e 17 19LiHuWaPeHu.540
6332.08435 -0.3 12 0 13 e 15 2 0 1 e 16 19LiHuWaPeHu.541
6333.20635 3.7 12 0 13 e 14 2 0 1 e 15 19LiHuWaPeHu.542
6334.31435 -0.3 12 0 13 e 13 2 0 1 e 14 19LiHuWaPeHu.543
6335.39635 -0.2 12 0 13 e 12 2 0 1 e 13 19LiHuWaPeHu.544
6336.46235 0.3 12 0 13 e 11 2 0 1 e 12 19LiHuWaPeHu.545
6338.53935 -0.5 12 0 13 e 9 2 0 1 e 10 19LiHuWaPeHu.546
6342.46635 -1.4 12 0 13 e 5 2 0 1 e 6 19LiHuWaPeHu.547
6350.19335 0.7 12 0 13 e 3 2 0 1 e 2 19LiHuWaPeHu.548
6350.95935 -0.4 12 0 13 e 4 2 0 1 e 3 19LiHuWaPeHu.549
6351.70335 0.2 12 0 13 e 5 2 0 1 e 4 19LiHuWaPeHu.550
6354.49435 -0.9 12 0 13 e 9 2 0 1 e 8 19LiHuWaPeHu.551
6355.14335 0.3 12 0 13 e 10 2 0 1 e 9 19LiHuWaPeHu.552
6356.38735 1.1 12 0 13 e 12 2 0 1 e 11 19LiHuWaPeHu.553
6358.10935 1.8 12 0 13 e 15 2 0 1 e 14 19LiHuWaPeHu.554
6359.16235 0.3 12 0 13 e 17 2 0 1 e 16 19LiHuWaPeHu.555
6359.66235 0.2 12 0 13 e 18 2 0 1 e 17 19LiHuWaPeHu.556
6360.14235 -0.2 12 0 13 e 19 2 0 1 e 18 19LiHuWaPeHu.557
6361.46735 -0.6 12 0 13 e 22 2 0 1 e 21 19LiHuWaPeHu.558
6362.25535 1.3 12 0 13 e 24 2 0 1 e 23 19LiHuWaPeHu.559
6362.62335 -1.1 12 0 13 e 25 2 0 1 e 24 19LiHuWaPeHu.560
6362.97035 -0.3 12 0 13 e 26 2 0 1 e 25 19LiHuWaPeHu.561
6363.29735 0.9 12 0 13 e 27 2 0 1 e 26 19LiHuWaPeHu.562
6363.60635 0.6 12 0 13 e 28 2 0 1 e 27 19LiHuWaPeHu.563
6364.16935 0.9 12 0 13 e 30 2 0 1 e 29 19LiHuWaPeHu.564
6364.65835 -0.8 12 0 13 e 32 2 0 1 e 31 19LiHuWaPeHu.565
6364.87235 0.3 12 0 13 e 33 2 0 1 e 32 19LiHuWaPeHu.566
6365.77535 -0.3 12 0 13 e 39 2 0 1 e 38 19LiHuWaPeHu.567
6285.09535 2.7 16 0 1 e 7 4 0 4 e 8 19LiHuWaPeHu.568
6286.06935 -0.1 16 0 1 e 6 4 0 4 e 7 19LiHuWaPeHu.569
6288.86435 -2.0 16 0 1 e 3 4 0 4 e 4 19LiHuWaPeHu.570
6293.91635 -10.2 16 0 1 e 2 4 0 4 e 1 19LiHuWaPeHu.571
6295.42535 1.3 16 0 1 e 4 4 0 4 e 3 19LiHuWaPeHu.572
6297.57035 -13.9 16 0 1 e 7 4 0 4 e 6 19LiHuWaPeHu.573
6298.88135 -5.7 16 0 1 e 9 4 0 4 e 8 19LiHuWaPeHu.574
6300.11335 1.1 16 0 1 e 11 4 0 4 e 10 19LiHuWaPeHu.575
6300.69935 4.2 16 0 1 e 12 4 0 4 e 11 19LiHuWaPeHu.576
6301.26735 5.3 16 0 1 e 13 4 0 4 e 12 19LiHuWaPeHu.577
6302.87635 -17.4 16 0 1 e 16 4 0 4 e 15 19LiHuWaPeHu.578
6304.28335 -19.2 16 0 1 e 19 4 0 4 e 18 19LiHuWaPeHu.579
6304.69435 -2.1 16 0 1 e 20 4 0 4 e 19 19LiHuWaPeHu.580
6305.10835 -8.1 16 0 1 e 21 4 0 4 e 20 19LiHuWaPeHu.581
6305.84535 10.5 16 0 1 e 23 4 0 4 e 22 19LiHuWaPeHu.582
6306.20335 0.1 16 0 1 e 24 4 0 4 e 23 19LiHuWaPeHu.583
6306.82635 11.9 16 0 1 e 26 4 0 4 e 25 19LiHuWaPeHu.584
6307.13735 -11.9 16 0 1 e 27 4 0 4 e 26 19LiHuWaPeHu.585
6307.63935 0.3 16 0 1 e 29 4 0 4 e 28 19LiHuWaPeHu.586
6308.07235 1.0 16 0 1 e 31 4 0 4 e 30 19LiHuWaPeHu.587
6308.42735 -0.7 16 0 1 e 33 4 0 4 e 32 19LiHuWaPeHu.588
6277.31735 -0.5 14 2 1 e 61 2 2 1 e 62 19LiHuWaPeHu.589
6283.34135 -5.1 14 2 1 e 58 2 2 1 e 59 19LiHuWaPeHu.590
6285.30435 -0.2 14 2 1 e 57 2 2 1 e 58 19LiHuWaPeHu.591
6289.18135 0.5 14 2 1 e 55 2 2 1 e 56 19LiHuWaPeHu.592
6296.70435 1.1 14 2 1 e 51 2 2 1 e 52 19LiHuWaPeHu.593
6298.53835 -0.3 14 2 1 e 50 2 2 1 e 51 19LiHuWaPeHu.594
6300.35135 -0.1 14 2 1 e 49 2 2 1 e 50 19LiHuWaPeHu.595
6303.91935 0.3 14 2 1 e 47 2 2 1 e 48 19LiHuWaPeHu.596
6305.67435 0.5 14 2 1 e 46 2 2 1 e 47 19LiHuWaPeHu.597
6307.41135 -0.7 14 2 1 e 45 2 2 1 e 46 19LiHuWaPeHu.598
6309.12635 0.8 14 2 1 e 44 2 2 1 e 45 19LiHuWaPeHu.599
6310.82335 0.9 14 2 1 e 43 2 2 1 e 44 19LiHuWaPeHu.600
6312.50135 0.6 14 2 1 e 42 2 2 1 e 43 19LiHuWaPeHu.601
6314.16035 -0.0 14 2 1 e 41 2 2 1 e 42 19LiHuWaPeHu.602
6317.42035 -1.5 14 2 1 e 39 2 2 1 e 40 19LiHuWaPeHu.603
6319.02035 -1.3 14 2 1 e 38 2 2 1 e 39 19LiHuWaPeHu.604
6320.60435 -4.5 14 2 1 e 37 2 2 1 e 38 19LiHuWaPeHu.605
6323.70535 -2.1 14 2 1 e 35 2 2 1 e 36 19LiHuWaPeHu.606
6325.22835 -2.6 14 2 1 e 34 2 2 1 e 35 19LiHuWaPeHu.607
6326.73135 -2.4 14 2 1 e 33 2 2 1 e 34 19LiHuWaPeHu.608
6328.21535 -2.7 14 2 1 e 32 2 2 1 e 33 19LiHuWaPeHu.609
6329.67935 -2.4 14 2 1 e 31 2 2 1 e 32 19LiHuWaPeHu.610
6331.12235 -0.6 14 2 1 e 30 2 2 1 e 31 19LiHuWaPeHu.611
6332.54835 -1.2 14 2 1 e 29 2 2 1 e 30 19LiHuWaPeHu.612
6333.95635 -3.2 14 2 1 e 28 2 2 1 e 29 19LiHuWaPeHu.613
6335.34135 -1.7 14 2 1 e 27 2 2 1 e 28 19LiHuWaPeHu.614
6338.05735 -3.0 14 2 1 e 25 2 2 1 e 26 19LiHuWaPeHu.615
6339.38635 -3.9 14 2 1 e 24 2 2 1 e 25 19LiHuWaPeHu.616
6358.97430 3.4 14 2 1 e 7 2 2 1 e 8 19LiHuWaPeHu.617
6354.87320 1.3 14 2 1 e 11 2 2 1 e 12 19LiHuWaPeHu.618
6353.79890 1.0 14 2 1 e 12 2 2 1 e 13 19LiHuWaPeHu.619
6352.70590 -0.2 14 2 1 e 13 2 2 1 e 14 19LiHuWaPeHu.620
6351.59250 -0.5 14 2 1 e 14 2 2 1 e 15 19LiHuWaPeHu.621
6350.45790 0.9 14 2 1 e 15 2 2 1 e 16 19LiHuWaPeHu.622
6349.30650 -0.4 14 2 1 e 16 2 2 1 e 17 19LiHuWaPeHu.623
6348.13380 0.1 14 2 1 e 17 2 2 1 e 18 19LiHuWaPeHu.624
6346.94240 -0.2 14 2 1 e 18 2 2 1 e 19 19LiHuWaPeHu.625
6345.73100 -0.1 14 2 1 e 19 2 2 1 e 20 19LiHuWaPeHu.626
6344.50030 -0.1 14 2 1 e 20 2 2 1 e 21 19LiHuWaPeHu.627
6343.24710 2.9 14 2 1 e 21 2 2 1 e 22 19LiHuWaPeHu.628
6341.98030 0.0 14 2 1 e 22 2 2 1 e 23 19LiHuWaPeHu.629
6340.69110 0.0 14 2 1 e 23 2 2 1 e 24 19LiHuWaPeHu.630
6339.38180 0.7 14 2 1 e 24 2 2 1 e 25 19LiHuWaPeHu.631
6338.05560 -1.3 14 2 1 e 25 2 2 1 e 26 19LiHuWaPeHu.632
6360.91135 0.8 14 2 1 e 5 2 2 1 e 6 19LiHuWaPeHu.633
6361.85135 -1.4 14 2 1 e 4 2 2 1 e 5 19LiHuWaPeHu.634
6362.76835 -0.1 14 2 1 e 3 2 2 1 e 4 19LiHuWaPeHu.635
6369.41235 -1.9 14 2 1 e 4 2 2 1 e 3 19LiHuWaPeHu.636
6370.15435 -1.7 14 2 1 e 5 2 2 1 e 4 19LiHuWaPeHu.637
6371.57435 4.0 14 2 1 e 7 2 2 1 e 6 19LiHuWaPeHu.638
6372.26435 -2.5 14 2 1 e 8 2 2 1 e 7 19LiHuWaPeHu.639
6373.57435 -4.3 14 2 1 e 10 2 2 1 e 9 19LiHuWaPeHu.640
6379.35635 8.8 14 2 1 e 21 2 2 1 e 20 19LiHuWaPeHu.641
6380.16435 -0.1 14 2 1 e 23 2 2 1 e 22 19LiHuWaPeHu.642
6380.53335 1.0 14 2 1 e 24 2 2 1 e 23 19LiHuWaPeHu.643
6381.51635 11.0 14 2 1 e 27 2 2 1 e 26 19LiHuWaPeHu.644
6381.81735 1.8 14 2 1 e 28 2 2 1 e 27 19LiHuWaPeHu.645
6382.34135 2.7 14 2 1 e 30 2 2 1 e 29 19LiHuWaPeHu.646
6382.57435 2.8 14 2 1 e 31 2 2 1 e 30 19LiHuWaPeHu.647
6382.73235 20.0 14 2 1 e 53 2 2 1 e 52 19LiHuWaPeHu.648
6382.78935 1.3 14 2 1 e 32 2 2 1 e 31 19LiHuWaPeHu.649
6382.93735 12.5 14 2 1 e 52 2 2 1 e 51 19LiHuWaPeHu.650
6382.98535 -0.8 14 2 1 e 33 2 2 1 e 32 19LiHuWaPeHu.651
6383.15735 1.5 14 2 1 e 34 2 2 1 e 33 19LiHuWaPeHu.652
6383.31335 0.3 14 2 1 e 35 2 2 1 e 34 19LiHuWaPeHu.653
6383.56335 1.1 14 2 1 e 37 2 2 1 e 36 19LiHuWaPeHu.654
6383.66035 0.1 14 2 1 e 38 2 2 1 e 37 19LiHuWaPeHu.655
6383.73435 2.6 14 2 1 e 39 2 2 1 e 38 19LiHuWaPeHu.656
6383.79235 1.5 14 2 1 e 40 2 2 1 e 39 19LiHuWaPeHu.657
6383.84435 2.7 14 2 1 e 43 2 2 1 e 42 19LiHuWaPeHu.658
6383.84435 4.5 14 2 1 e 42 2 2 1 e 41 19LiHuWaPeHu.659
6372.92640 -0.6 14 2 1 e 9 2 2 1 e 8 19LiHuWaPeHu.660
6374.19510 -0.3 14 2 1 e 11 2 2 1 e 10 19LiHuWaPeHu.661
6374.80020 -0.2 14 2 1 e 12 2 2 1 e 11 19LiHuWaPeHu.662
6375.38610 -0.5 14 2 1 e 13 2 2 1 e 12 19LiHuWaPeHu.663
6375.95130 0.3 14 2 1 e 14 2 2 1 e 13 19LiHuWaPeHu.664
6377.02530 -0.5 14 2 1 e 16 2 2 1 e 15 19LiHuWaPeHu.665
6377.53160 0.5 14 2 1 e 17 2 2 1 e 16 19LiHuWaPeHu.666
6378.48510 2.7 14 2 1 e 19 2 2 1 e 18 19LiHuWaPeHu.667
6378.93510 1.2 14 2 1 e 20 2 2 1 e 19 19LiHuWaPeHu.668
6379.36240 2.8 14 2 1 e 21 2 2 1 e 20 19LiHuWaPeHu.669
6379.77510 -0.6 14 2 1 e 22 2 2 1 e 21 19LiHuWaPeHu.670
6380.88280 2.2 14 2 1 e 25 2 2 1 e 24 19LiHuWaPeHu.671
6381.20790 8.0 14 2 1 e 26 2 2 1 e 25 19LiHuWaPeHu.672
6295.90035 -0.5 13 1 1 e 71 1 1 1 e 72 19LiHuWaPeHu.673
6308.97035 -1.0 13 1 1 e 65 1 1 1 e 66 19LiHuWaPeHu.674
6311.07935 0.6 13 1 1 e 64 1 1 1 e 65 19LiHuWaPeHu.675
6313.17135 -0.2 13 1 1 e 63 1 1 1 e 64 19LiHuWaPeHu.676
6317.29535 0.2 13 1 1 e 61 1 1 1 e 62 19LiHuWaPeHu.677
6319.32935 -0.7 13 1 1 e 60 1 1 1 e 61 19LiHuWaPeHu.678
6321.34235 0.1 13 1 1 e 59 1 1 1 e 60 19LiHuWaPeHu.679
6323.33635 0.4 13 1 1 e 58 1 1 1 e 59 19LiHuWaPeHu.680
6325.31135 0.4 13 1 1 e 57 1 1 1 e 58 19LiHuWaPeHu.681
6327.26735 -0.1 13 1 1 e 56 1 1 1 e 57 19LiHuWaPeHu.682
6329.20435 -1.0 13 1 1 e 55 1 1 1 e 56 19LiHuWaPeHu.683
6333.01735 -0.1 13 1 1 e 53 1 1 1 e 54 19LiHuWaPeHu.684
6334.89635 -1.3 13 1 1 e 52 1 1 1 e 53 19LiHuWaPeHu.685
6336.75435 -0.9 13 1 1 e 51 1 1 1 e 52 19LiHuWaPeHu.686
6338.59335 -1.0 13 1 1 e 50 1 1 1 e 51 19LiHuWaPeHu.687
6340.41135 0.5 13 1 1 e 49 1 1 1 e 50 19LiHuWaPeHu.688
6343.99135 0.9 13 1 1 e 47 1 1 1 e 48 19LiHuWaPeHu.689
6347.49235 2.4 13 1 1 e 45 1 1 1 e 46 19LiHuWaPeHu.690
6350.92335 -4.0 13 1 1 e 43 1 1 1 e 44 19LiHuWaPeHu.691
6403.84160 7.4 13 1 1 e 2 1 1 1 e 3 19LiHuWaPeHu.692
6398.16710 1.1 13 1 1 e 8 1 1 1 e 9 19LiHuWaPeHu.693
6396.11520 1.6 13 1 1 e 10 1 1 1 e 11 19LiHuWaPeHu.694
6395.05880 2.7 13 1 1 e 11 1 1 1 e 12 19LiHuWaPeHu.695
6393.98650 0.0 13 1 1 e 12 1 1 1 e 13 19LiHuWaPeHu.696
6392.89060 1.3 13 1 1 e 13 1 1 1 e 14 19LiHuWaPeHu.697
6391.77510 2.4 13 1 1 e 14 1 1 1 e 15 19LiHuWaPeHu.698
6390.64250 1.0 13 1 1 e 15 1 1 1 e 16 19LiHuWaPeHu.699
6388.31560 0.7 13 1 1 e 17 1 1 1 e 18 19LiHuWaPeHu.700
6385.90950 1.0 13 1 1 e 19 1 1 1 e 20 19LiHuWaPeHu.701
6384.67740 0.7 13 1 1 e 20 1 1 1 e 21 19LiHuWaPeHu.702
6383.42510 0.9 13 1 1 e 21 1 1 1 e 22 19LiHuWaPeHu.703
6382.15340 0.9 13 1 1 e 22 1 1 1 e 23 19LiHuWaPeHu.704
6380.86310 -0.2 13 1 1 e 23 1 1 1 e 24 19LiHuWaPeHu.705
6378.22060 0.7 13 1 1 e 25 1 1 1 e 26 19LiHuWaPeHu.706
6376.87030 0.7 13 1 1 e 26 1 1 1 e 27 19LiHuWaPeHu.707
6375.50060 0.5 13 1 1 e 27 1 1 1 e 28 19LiHuWaPeHu.708
6372.70220 0.3 13 1 1 e 29 1 1 1 e 30 19LiHuWaPeHu.709
6371.27370 0.1 13 1 1 e 30 1 1 1 e 31 19LiHuWaPeHu.710
6369.82640 -1.0 13 1 1 e 31 1 1 1 e 32 19LiHuWaPeHu.711
6368.35780 -0.3 13 1 1 e 32 1 1 1 e 33 19LiHuWaPeHu.712
6366.86990 0.1 13 1 1 e 33 1 1 1 e 34 19LiHuWaPeHu.713
6365.36200 1.0 13 1 1 e 34 1 1 1 e 35 19LiHuWaPeHu.714
6363.83430 2.0 13 1 1 e 35 1 1 1 e 36 19LiHuWaPeHu.715
6362.29020 -0.1 13 1 1 e 36 1 1 1 e 37 19LiHuWaPeHu.716
6360.72390 0.4 13 1 1 e 37 1 1 1 e 38 19LiHuWaPeHu.717
6359.13920 -0.2 13 1 1 e 38 1 1 1 e 39 19LiHuWaPeHu.718
6413.40792 0.1 13 1 1 e 74 1 1 1 e 73 19LiHuWaPeHu.719
6414.03992 -0.4 13 1 1 e 73 1 1 1 e 72 19LiHuWaPeHu.720
6415.24192 0.8 13 1 1 e 71 1 1 1 e 70 19LiHuWaPeHu.721
6416.89792 0.2 13 1 1 e 68 1 1 1 e 67 19LiHuWaPeHu.722
6417.90292 -0.7 13 1 1 e 66 1 1 1 e 65 19LiHuWaPeHu.723
6418.37492 -0.6 13 1 1 e 65 1 1 1 e 64 19LiHuWaPeHu.724
6418.82492 1.7 13 1 1 e 64 1 1 1 e 63 19LiHuWaPeHu.725
6419.25992 -0.9 13 1 1 e 63 1 1 1 e 62 19LiHuWaPeHu.726
6419.67092 0.5 13 1 1 e 62 1 1 1 e 61 19LiHuWaPeHu.727
6420.06392 0.1 13 1 1 e 61 1 1 1 e 60 19LiHuWaPeHu.728
6420.43592 0.7 13 1 1 e 60 1 1 1 e 59 19LiHuWaPeHu.729
6420.78892 0.4 13 1 1 e 59 1 1 1 e 58 19LiHuWaPeHu.730
6421.12292 -0.7 13 1 1 e 58 1 1 1 e 57 19LiHuWaPeHu.731
6421.43392 1.2 13 1 1 e 57 1 1 1 e 56 19LiHuWaPeHu.732
6421.72892 -0.8 13 1 1 e 56 1 1 1 e 55 19LiHuWaPeHu.733
6421.99992 1.3 13 1 1 e 55 1 1 1 e 54 19LiHuWaPeHu.734
6422.25392 0.5 13 1 1 e 54 1 1 1 e 53 19LiHuWaPeHu.735
6422.48792 -0.2 13 1 1 e 53 1 1 1 e 52 19LiHuWaPeHu.736
6422.70092 0.3 13 1 1 e 52 1 1 1 e 51 19LiHuWaPeHu.737
6422.89392 0.8 13 1 1 e 51 1 1 1 e 50 19LiHuWaPeHu.738
6423.06992 -1.6 13 1 1 e 50 1 1 1 e 49 19LiHuWaPeHu.739
6423.22292 -0.9 13 1 1 e 49 1 1 1 e 48 19LiHuWaPeHu.740
6423.35592 -0.1 13 1 1 e 48 1 1 1 e 47 19LiHuWaPeHu.741
6423.46892 0.9 13 1 1 e 47 1 1 1 e 46 19LiHuWaPeHu.742
6423.56292 0.9 13 1 1 e 46 1 1 1 e 45 19LiHuWaPeHu.743
6423.63892 -0.9 13 1 1 e 45 1 1 1 e 44 19LiHuWaPeHu.744
6408.82020 -1.2 13 1 1 e 3 1 1 1 e 2 19LiHuWaPeHu.745
6409.58010 -1.9 13 1 1 e 4 1 1 1 e 3 19LiHuWaPeHu.746
6410.32100 -3.5 13 1 1 e 5 1 1 1 e 4 19LiHuWaPeHu.747
6411.04060 -3.5 13 1 1 e 6 1 1 1 e 5 19LiHuWaPeHu.748
6411.74030 -3.3 13 1 1 e 7 1 1 1 e 6 19LiHuWaPeHu.749
6412.42600 -9.0 13 1 1 e 8 1 1 1 e 7 19LiHuWaPeHu.750
6413.72600 -8.3 13 1 1 e 10 1 1 1 e 9 19LiHuWaPeHu.751
6414.34000 -1.7 13 1 1 e 11 1 1 1 e 10 19LiHuWaPeHu.752
6414.94070 -1.5 13 1 1 e 12 1 1 1 e 11 19LiHuWaPeHu.753
6416.08170 -0.3 13 1 1 e 14 1 1 1 e 13 19LiHuWaPeHu.754
6416.62300 -0.1 13 1 1 e 15 1 1 1 e 14 19LiHuWaPeHu.755
6417.14470 -0.2 13 1 1 e 16 1 1 1 e 15 19LiHuWaPeHu.756
6417.64640 -0.2 13 1 1 e 17 1 1 1 e 16 19LiHuWaPeHu.757
6418.12790 0.3 13 1 1 e 18 1 1 1 e 17 19LiHuWaPeHu.758
6418.59280 -2.5 13 1 1 e 19 1 1 1 e 18 19LiHuWaPeHu.759
6419.45570 -0.6 13 1 1 e 21 1 1 1 e 20 19LiHuWaPeHu.760
6420.24120 -0.6 13 1 1 e 23 1 1 1 e 22 19LiHuWaPeHu.761
6420.60450 -1.0 13 1 1 e 24 1 1 1 e 23 19LiHuWaPeHu.762
6421.57490 -1.6 13 1 1 e 27 1 1 1 e 26 19LiHuWaPeHu.763
6421.86110 -4.2 13 1 1 e 28 1 1 1 e 27 19LiHuWaPeHu.764
6422.36860 -4.1 13 1 1 e 30 1 1 1 e 29 19LiHuWaPeHu.765
6422.59010 -1.6 13 1 1 e 31 1 1 1 e 30 19LiHuWaPeHu.766
6422.79470 -2.1 13 1 1 e 32 1 1 1 e 31 19LiHuWaPeHu.767
6422.98000 -3.1 13 1 1 e 33 1 1 1 e 32 19LiHuWaPeHu.768
6423.14290 -1.6 13 1 1 e 34 1 1 1 e 33 19LiHuWaPeHu.769
6423.28820 -2.4 13 1 1 e 35 1 1 1 e 34 19LiHuWaPeHu.770
6423.41010 0.4 13 1 1 e 36 1 1 1 e 35 19LiHuWaPeHu.771
6423.51430 1.0 13 1 1 e 37 1 1 1 e 36 19LiHuWaPeHu.772
6423.59880 1.4 13 1 1 e 38 1 1 1 e 37 19LiHuWaPeHu.773
6423.66250 2.8 13 1 1 e 39 1 1 1 e 38 19LiHuWaPeHu.774
6423.70930 1.1 13 1 1 e 40 1 1 1 e 39 19LiHuWaPeHu.775
6423.72870 7.0 13 1 1 e 41 1 1 1 e 40 19LiHuWaPeHu.776
6423.72870 12.4 13 1 1 e 42 1 1 1 e 41 19LiHuWaPeHu.777
6423.72870 -2.1 13 1 1 e 43 1 1 1 e 42 19LiHuWaPeHu.778
6295.55235 -1.4 13 1 1 f 71 1 1 1 f 72 19LiHuWaPeHu.779
6297.78635 -0.3 13 1 1 f 70 1 1 1 f 71 19LiHuWaPeHu.780
6300.00335 -1.7 13 1 1 f 69 1 1 1 f 70 19LiHuWaPeHu.781
6302.19835 -0.5 13 1 1 f 68 1 1 1 f 69 19LiHuWaPeHu.782
6314.96635 0.2 13 1 1 f 62 1 1 1 f 63 19LiHuWaPeHu.783
6317.01635 0.2 13 1 1 f 61 1 1 1 f 62 19LiHuWaPeHu.784
6319.06435 2.6 13 1 1 f 60 1 1 1 f 61 19LiHuWaPeHu.785
6321.08835 -0.4 13 1 1 f 59 1 1 1 f 60 19LiHuWaPeHu.786
6323.09135 -2.0 13 1 1 f 58 1 1 1 f 59 19LiHuWaPeHu.787
6325.07235 -1.1 13 1 1 f 57 1 1 1 f 58 19LiHuWaPeHu.788
6327.03435 -0.7 13 1 1 f 56 1 1 1 f 57 19LiHuWaPeHu.789
6328.97735 -0.8 13 1 1 f 55 1 1 1 f 56 19LiHuWaPeHu.790
6330.90035 -0.4 13 1 1 f 54 1 1 1 f 55 19LiHuWaPeHu.791
6332.80235 1.4 13 1 1 f 53 1 1 1 f 54 19LiHuWaPeHu.792
6334.68935 -1.4 13 1 1 f 52 1 1 1 f 53 19LiHuWaPeHu.793
6336.55235 0.3 13 1 1 f 51 1 1 1 f 52 19LiHuWaPeHu.794
6340.22335 0.0 13 1 1 f 49 1 1 1 f 50 19LiHuWaPeHu.795
6342.02935 -0.0 13 1 1 f 48 1 1 1 f 49 19LiHuWaPeHu.796
6343.81635 -0.6 13 1 1 f 47 1 1 1 f 48 19LiHuWaPeHu.797
6345.58135 1.2 13 1 1 f 46 1 1 1 f 47 19LiHuWaPeHu.798
6347.33135 -1.6 13 1 1 f 45 1 1 1 f 46 19LiHuWaPeHu.799
6350.76935 -3.9 13 1 1 f 43 1 1 1 f 44 19LiHuWaPeHu.800
6403.84160 0.7 13 1 1 f 2 1 1 1 f 3 19LiHuWaPeHu.801
6399.14870 -1.3 13 1 1 f 7 1 1 1 f 8 19LiHuWaPeHu.802
6398.15050 -1.5 13 1 1 f 8 1 1 1 f 9 19LiHuWaPeHu.803
6396.09370 -0.9 13 1 1 f 10 1 1 1 f 11 19LiHuWaPeHu.804
6395.03530 -0.3 13 1 1 f 11 1 1 1 f 12 19LiHuWaPeHu.805
6393.95820 -0.8 13 1 1 f 12 1 1 1 f 13 19LiHuWaPeHu.806
6392.84830 11.7 13 1 1 f 13 1 1 1 f 14 19LiHuWaPeHu.807
6391.74300 -0.1 13 1 1 f 14 1 1 1 f 15 19LiHuWaPeHu.808
6390.60630 -0.4 13 1 1 f 15 1 1 1 f 16 19LiHuWaPeHu.809
6388.27530 -2.5 13 1 1 f 17 1 1 1 f 18 19LiHuWaPeHu.810
6387.07750 -0.9 13 1 1 f 18 1 1 1 f 19 19LiHuWaPeHu.811
6385.86040 0.2 13 1 1 f 19 1 1 1 f 20 19LiHuWaPeHu.812
6384.62530 -0.4 13 1 1 f 20 1 1 1 f 21 19LiHuWaPeHu.813
6383.37000 -0.6 13 1 1 f 21 1 1 1 f 22 19LiHuWaPeHu.814
6382.09450 -0.3 13 1 1 f 22 1 1 1 f 23 19LiHuWaPeHu.815
6380.80040 -1.1 13 1 1 f 23 1 1 1 f 24 19LiHuWaPeHu.816
6379.48590 -1.3 13 1 1 f 24 1 1 1 f 25 19LiHuWaPeHu.817
6378.15110 -0.8 13 1 1 f 25 1 1 1 f 26 19LiHuWaPeHu.818
6376.79640 -0.2 13 1 1 f 26 1 1 1 f 27 19LiHuWaPeHu.819
6375.42270 -0.3 13 1 1 f 27 1 1 1 f 28 19LiHuWaPeHu.820
6374.02950 -0.6 13 1 1 f 28 1 1 1 f 29 19LiHuWaPeHu.821
6372.61630 -0.6 13 1 1 f 29 1 1 1 f 30 19LiHuWaPeHu.822
6371.18340 -0.6 13 1 1 f 30 1 1 1 f 31 19LiHuWaPeHu.823
6369.72950 0.7 13 1 1 f 31 1 1 1 f 32 19LiHuWaPeHu.824
6368.25810 -0.2 13 1 1 f 32 1 1 1 f 33 19LiHuWaPeHu.825
6366.76670 -0.8 13 1 1 f 33 1 1 1 f 34 19LiHuWaPeHu.826
6362.17170 0.4 13 1 1 f 36 1 1 1 f 37 19LiHuWaPeHu.827
6360.59320 8.3 13 1 1 f 37 1 1 1 f 38 19LiHuWaPeHu.828
6359.01220 -1.0 13 1 1 f 38 1 1 1 f 39 19LiHuWaPeHu.829
6415.12192 0.9 13 1 1 f 71 1 1 1 f 70 19LiHuWaPeHu.830
6416.25792 -0.9 13 1 1 f 69 1 1 1 f 68 19LiHuWaPeHu.831
6416.79392 0.2 13 1 1 f 68 1 1 1 f 67 19LiHuWaPeHu.832
6417.80792 0.2 13 1 1 f 66 1 1 1 f 65 19LiHuWaPeHu.833
6418.28592 -0.9 13 1 1 f 65 1 1 1 f 64 19LiHuWaPeHu.834
6418.73992 2.0 13 1 1 f 64 1 1 1 f 63 19LiHuWaPeHu.835
6419.17792 0.9 13 1 1 f 63 1 1 1 f 62 19LiHuWaPeHu.836
6419.59492 0.8 13 1 1 f 62 1 1 1 f 61 19LiHuWaPeHu.837
6420.36792 1.4 13 1 1 f 60 1 1 1 f 59 19LiHuWaPeHu.838
6420.72592 0.2 13 1 1 f 59 1 1 1 f 58 19LiHuWaPeHu.839
6421.06092 1.9 13 1 1 f 58 1 1 1 f 57 19LiHuWaPeHu.840
6421.37892 0.7 13 1 1 f 57 1 1 1 f 56 19LiHuWaPeHu.841
6421.67692 -0.6 13 1 1 f 56 1 1 1 f 55 19LiHuWaPeHu.842
6421.95292 0.1 13 1 1 f 55 1 1 1 f 54 19LiHuWaPeHu.843
6422.20892 0.8 13 1 1 f 54 1 1 1 f 53 19LiHuWaPeHu.844
6422.44692 -0.5 13 1 1 f 53 1 1 1 f 52 19LiHuWaPeHu.845
6422.66292 0.2 13 1 1 f 52 1 1 1 f 51 19LiHuWaPeHu.846
6422.85892 0.8 13 1 1 f 51 1 1 1 f 50 19LiHuWaPeHu.847
6423.03592 0.5 13 1 1 f 50 1 1 1 f 49 19LiHuWaPeHu.848
6423.19292 0.2 13 1 1 f 49 1 1 1 f 48 19LiHuWaPeHu.849
6423.32892 0.8 13 1 1 f 48 1 1 1 f 47 19LiHuWaPeHu.850
6423.44592 0.5 13 1 1 f 47 1 1 1 f 46 19LiHuWaPeHu.851
6423.54192 1.1 13 1 1 f 46 1 1 1 f 45 19LiHuWaPeHu.852
6423.61892 0.8 13 1 1 f 45 1 1 1 f 44 19LiHuWaPeHu.853
6408.82020 1.6 13 1 1 f 3 1 1 1 f 2 19LiHuWaPeHu.854
6409.58010 2.1 13 1 1 f 4 1 1 1 f 3 19LiHuWaPeHu.855
6410.32100 1.8 13 1 1 f 5 1 1 1 f 4 19LiHuWaPeHu.856
6411.04060 2.9 13 1 1 f 6 1 1 1 f 5 19LiHuWaPeHu.857
6411.74030 4.1 13 1 1 f 7 1 1 1 f 6 19LiHuWaPeHu.858
6412.42600 -0.7 13 1 1 f 8 1 1 1 f 7 19LiHuWaPeHu.859
6413.72600 1.7 13 1 1 f 10 1 1 1 f 9 19LiHuWaPeHu.860
6414.34710 1.9 13 1 1 f 11 1 1 1 f 10 19LiHuWaPeHu.861
6414.94930 1.2 13 1 1 f 12 1 1 1 f 11 19LiHuWaPeHu.862
6415.53300 -0.9 13 1 1 f 13 1 1 1 f 12 19LiHuWaPeHu.863
6416.09340 0.4 13 1 1 f 14 1 1 1 f 13 19LiHuWaPeHu.864
6416.63500 0.5 13 1 1 f 15 1 1 1 f 14 19LiHuWaPeHu.865
6417.15730 0.1 13 1 1 f 16 1 1 1 f 15 19LiHuWaPeHu.866
6417.65940 -0.0 13 1 1 f 17 1 1 1 f 16 19LiHuWaPeHu.867
6418.14100 0.4 13 1 1 f 18 1 1 1 f 17 19LiHuWaPeHu.868
6419.46900 -0.9 13 1 1 f 21 1 1 1 f 20 19LiHuWaPeHu.869
6419.87110 -0.6 13 1 1 f 22 1 1 1 f 21 19LiHuWaPeHu.870
6420.25230 0.7 13 1 1 f 23 1 1 1 f 22 19LiHuWaPeHu.871
6420.61450 1.0 13 1 1 f 24 1 1 1 f 23 19LiHuWaPeHu.872
6421.58340 0.2 13 1 1 f 27 1 1 1 f 26 19LiHuWaPeHu.873
6421.86110 5.2 13 1 1 f 28 1 1 1 f 27 19LiHuWaPeHu.874
6422.36860 3.5 13 1 1 f 30 1 1 1 f 29 19LiHuWaPeHu.875
6422.59010 4.9 13 1 1 f 31 1 1 1 f 30 19LiHuWaPeHu.876
6422.79490 3.1 13 1 1 f 32 1 1 1 f 31 19LiHuWaPeHu.877
6422.98000 1.0 13 1 1 f 33 1 1 1 f 32 19LiHuWaPeHu.878
6423.14290 1.2 13 1 1 f 34 1 1 1 f 33 19LiHuWaPeHu.879
6423.28820 -1.0 13 1 1 f 35 1 1 1 f 34 19LiHuWaPeHu.880
6423.41010 0.3 13 1 1 f 36 1 1 1 f 35 19LiHuWaPeHu.881
6423.51430 -0.8 13 1 1 f 37 1 1 1 f 36 19LiHuWaPeHu.882
6423.59880 -2.1 13 1 1 f 38 1 1 1 f 37 19LiHuWaPeHu.883
6423.66250 -2.6 13 1 1 f 39 1 1 1 f 38 19LiHuWaPeHu.884
6423.70930 -6.1 13 1 1 f 40 1 1 1 f 39 19LiHuWaPeHu.885
6423.72870 -2.2 13 1 1 f 41 1 1 1 f 40 19LiHuWaPeHu.886
6423.72870 1.1 13 1 1 f 42 1 1 1 f 41 19LiHuWaPeHu.887
6423.70930 3.8 13 1 1 f 43 1 1 1 f 42 19LiHuWaPeHu.888
6467.63292 1.6 13 1 2 e 3 1 1 1 e 2 19LiHuWaPeHu.889
6468.42792 1.2 13 1 2 e 4 1 1 1 e 3 19LiHuWaPeHu.890
6469.21492 -2.2 13 1 2 e 5 1 1 1 e 4 19LiHuWaPeHu.891
6469.98792 -2.5 13 1 2 e 6 1 1 1 e 5 19LiHuWaPeHu.892
6470.74692 0.2 13 1 2 e 7 1 1 1 e 6 19LiHuWaPeHu.893
6471.49692 1.0 13 1 2 e 8 1 1 1 e 7 19LiHuWaPeHu.894
6472.23592 1.7 13 1 2 e 9 1 1 1 e 8 19LiHuWaPeHu.895
6472.96592 0.3 13 1 2 e 10 1 1 1 e 9 19LiHuWaPeHu.896
6473.68492 -1.1 13 1 2 e 11 1 1 1 e 10 19LiHuWaPeHu.897
6474.38992 0.4 13 1 2 e 12 1 1 1 e 11 19LiHuWaPeHu.898
6475.08492 0.8 13 1 2 e 13 1 1 1 e 12 19LiHuWaPeHu.899
6475.76892 1.0 13 1 2 e 14 1 1 1 e 13 19LiHuWaPeHu.900
6476.44292 -0.0 13 1 2 e 15 1 1 1 e 14 19LiHuWaPeHu.901
6477.10592 -1.3 13 1 2 e 16 1 1 1 e 15 19LiHuWaPeHu.902
6477.75492 0.2 13 1 2 e 17 1 1 1 e 16 19LiHuWaPeHu.903
6478.39492 -0.7 13 1 2 e 18 1 1 1 e 17 19LiHuWaPeHu.904
6479.02192 -0.0 13 1 2 e 19 1 1 1 e 18 19LiHuWaPeHu.905
6479.63692 1.3 13 1 2 e 20 1 1 1 e 19 19LiHuWaPeHu.906
6480.24392 -1.0 13 1 2 e 21 1 1 1 e 20 19LiHuWaPeHu.907
6480.83692 -0.7 13 1 2 e 22 1 1 1 e 21 19LiHuWaPeHu.908
6481.41792 -0.1 13 1 2 e 23 1 1 1 e 22 19LiHuWaPeHu.909
6481.98692 0.9 13 1 2 e 24 1 1 1 e 23 19LiHuWaPeHu.910
6482.54492 1.2 13 1 2 e 25 1 1 1 e 24 19LiHuWaPeHu.911
6483.09192 0.6 13 1 2 e 26 1 1 1 e 25 19LiHuWaPeHu.912
6483.62592 1.2 13 1 2 e 27 1 1 1 e 26 19LiHuWaPeHu.913
6484.14892 0.9 13 1 2 e 28 1 1 1 e 27 19LiHuWaPeHu.914
6484.65792 2.6 13 1 2 e 29 1 1 1 e 28 19LiHuWaPeHu.915
6485.15992 -0.8 13 1 2 e 30 1 1 1 e 29 19LiHuWaPeHu.916
6485.64592 -0.3 13 1 2 e 31 1 1 1 e 30 19LiHuWaPeHu.917
6486.12192 -2.1 13 1 2 e 32 1 1 1 e 31 19LiHuWaPeHu.918
6486.57892 2.8 13 1 2 e 33 1 1 1 e 32 19LiHuWaPeHu.919
6487.47492 -6.6 13 1 2 e 35 1 1 1 e 34 19LiHuWaPeHu.920
6487.89292 -0.1 13 1 2 e 36 1 1 1 e 35 19LiHuWaPeHu.921
6488.70292 0.7 13 1 2 e 38 1 1 1 e 37 19LiHuWaPeHu.922
6459.99292 -0.4 13 1 2 e 5 1 1 1 e 6 19LiHuWaPeHu.923
6456.31292 -0.2 13 1 2 e 9 1 1 1 e 10 19LiHuWaPeHu.924
6452.45892 -1.5 13 1 2 e 13 1 1 1 e 14 19LiHuWaPeHu.925
6450.46292 0.6 13 1 2 e 15 1 1 1 e 16 19LiHuWaPeHu.926
6449.44892 1.0 13 1 2 e 16 1 1 1 e 17 19LiHuWaPeHu.927
6448.42592 -0.8 13 1 2 e 17 1 1 1 e 18 19LiHuWaPeHu.928
6447.38992 -0.7 13 1 2 e 18 1 1 1 e 19 19LiHuWaPeHu.929
6446.34192 0.1 13 1 2 e 19 1 1 1 e 20 19LiHuWaPeHu.930
6445.28192 1.7 13 1 2 e 20 1 1 1 e 21 19LiHuWaPeHu.931
6444.21592 -2.1 13 1 2 e 21 1 1 1 e 22 19LiHuWaPeHu.932
6443.13292 -0.2 13 1 2 e 22 1 1 1 e 23 19LiHuWaPeHu.933
6442.03892 1.3 13 1 2 e 23 1 1 1 e 24 19LiHuWaPeHu.934
6439.81792 2.8 13 1 2 e 25 1 1 1 e 26 19LiHuWaPeHu.935
6436.40592 -1.4 13 1 2 e 28 1 1 1 e 29 19LiHuWaPeHu.936
6434.06992 -1.5 13 1 2 e 30 1 1 1 e 31 19LiHuWaPeHu.937
6432.88492 -2.4 13 1 2 e 31 1 1 1 e 32 19LiHuWaPeHu.938
6430.47592 -1.0 13 1 2 e 33 1 1 1 e 34 19LiHuWaPeHu.939
6430.81292 -0.2 13 1 2 f 34 1 1 1 f 35 19LiHuWaPeHu.940
6431.94592 0.9 13 1 2 f 33 1 1 1 f 34 19LiHuWaPeHu.941
6433.07192 -0.9 13 1 2 f 32 1 1 1 f 33 19LiHuWaPeHu.942
6434.18592 -0.4 13 1 2 f 31 1 1 1 f 32 19LiHuWaPeHu.943
6436.38692 -1.3 13 1 2 f 29 1 1 1 f 30 19LiHuWaPeHu.944
6437.47192 -0.4 13 1 2 f 28 1 1 1 f 29 19LiHuWaPeHu.945
6440.67592 -2.3 13 1 2 f 25 1 1 1 f 26 19LiHuWaPeHu.946
6443.79492 -0.6 13 1 2 f 22 1 1 1 f 23 19LiHuWaPeHu.947
6444.81692 -0.1 13 1 2 f 21 1 1 1 f 22 19LiHuWaPeHu.948
6445.83092 -0.3 13 1 2 f 20 1 1 1 f 21 19LiHuWaPeHu.949
6446.83492 0.8 13 1 2 f 19 1 1 1 f 20 19LiHuWaPeHu.950
6447.82992 2.3 13 1 2 f 18 1 1 1 f 19 19LiHuWaPeHu.951
6448.81992 0.2 13 1 2 f 17 1 1 1 f 18 19LiHuWaPeHu.952
6449.80092 -1.3 13 1 2 f 16 1 1 1 f 17 19LiHuWaPeHu.953
6451.73292 0.2 13 1 2 f 14 1 1 1 f 15 19LiHuWaPeHu.954
6452.68792 -0.6 13 1 2 f 13 1 1 1 f 14 19LiHuWaPeHu.955
6454.57292 -2.1 13 1 2 f 11 1 1 1 f 12 19LiHuWaPeHu.956
6457.33492 -0.7 13 1 2 f 8 1 1 1 f 9 19LiHuWaPeHu.957
6458.23792 1.1 13 1 2 f 7 1 1 1 f 8 19LiHuWaPeHu.958
6467.65392 1.6 13 1 2 f 3 1 1 1 f 2 19LiHuWaPeHu.959
6468.46592 -3.1 13 1 2 f 4 1 1 1 f 3 19LiHuWaPeHu.960
6469.25992 2.2 13 1 2 f 5 1 1 1 f 4 19LiHuWaPeHu.961
6470.83492 1.1 13 1 2 f 7 1 1 1 f 6 19LiHuWaPeHu.962
6471.61192 -1.3 13 1 2 f 8 1 1 1 f 7 19LiHuWaPeHu.963
6472.37592 1.1 13 1 2 f 9 1 1 1 f 8 19LiHuWaPeHu.964
6473.13692 -1.8 13 1 2 f 10 1 1 1 f 9 19LiHuWaPeHu.965
6473.88392 1.0 13 1 2 f 11 1 1 1 f 10 19LiHuWaPeHu.966
6474.62692 -0.6 13 1 2 f 12 1 1 1 f 11 19LiHuWaPeHu.967
6475.35892 0.5 13 1 2 f 13 1 1 1 f 12 19LiHuWaPeHu.968
6476.08492 -0.9 13 1 2 f 14 1 1 1 f 13 19LiHuWaPeHu.969
6476.79992 0.3 13 1 2 f 15 1 1 1 f 14 19LiHuWaPeHu.970
6477.50692 0.8 13 1 2 f 16 1 1 1 f 15 19LiHuWaPeHu.971
6478.20492 1.8 13 1 2 f 17 1 1 1 f 16 19LiHuWaPeHu.972
6479.57792 0.8 13 1 2 f 19 1 1 1 f 18 19LiHuWaPeHu.973
6480.24392 7.7 13 1 2 f 20 1 1 1 f 19 19LiHuWaPeHu.974
6480.91692 -1.3 13 1 2 f 21 1 1 1 f 20 19LiHuWaPeHu.975
6481.57292 -2.3 13 1 2 f 22 1 1 1 f 21 19LiHuWaPeHu.976
6482.21592 0.8 13 1 2 f 23 1 1 1 f 22 19LiHuWaPeHu.977
6482.85392 -0.2 13 1 2 f 24 1 1 1 f 23 19LiHuWaPeHu.978
6483.48292 -1.4 13 1 2 f 25 1 1 1 f 24 19LiHuWaPeHu.979
6484.09992 0.2 13 1 2 f 26 1 1 1 f 25 19LiHuWaPeHu.980
6484.70792 1.3 13 1 2 f 27 1 1 1 f 26 19LiHuWaPeHu.981
6485.30592 3.1 13 1 2 f 28 1 1 1 f 27 19LiHuWaPeHu.982
6485.89692 2.2 13 1 2 f 29 1 1 1 f 28 19LiHuWaPeHu.983
6486.48492 -5.3 13 1 2 f 30 1 1 1 f 29 19LiHuWaPeHu.984
6487.60392 7.2 13 1 2 f 32 1 1 1 f 31 19LiHuWaPeHu.985
6488.70292 -0.4 13 1 2 f 34 1 1 1 f 33 19LiHuWaPeHu.986
6489.22692 5.9 13 1 2 f 35 1 1 1 f 34 19LiHuWaPeHu.987
6489.75192 0.8 13 1 2 f 36 1 1 1 f 35 19LiHuWaPeHu.988
6490.26392 -1.9 13 1 2 f 37 1 1 1 f 36 19LiHuWaPeHu.989
6490.75992 0.7 13 1 2 f 38 1 1 1 f 37 19LiHuWaPeHu.990
6491.72492 -0.1 13 1 2 f 40 1 1 1 f 39 19LiHuWaPeHu.991
6492.18492 5.3 13 1 2 f 41 1 1 1 f 40 19LiHuWaPeHu.992
6492.63892 5.2 13 1 2 f 42 1 1 1 f 41 19LiHuWaPeHu.993
6493.51692 0.1 13 1 2 f 44 1 1 1 f 43 19LiHuWaPeHu.994
6283.11035 -0.3 15 1 1 e 38 3 1 2 e 39 19LiHuWaPeHu.995
6284.68835 2.9 15 1 1 e 37 3 1 2 e 38 19LiHuWaPeHu.996
6290.81935 1.0 15 1 1 e 33 3 1 2 e 34 19LiHuWaPeHu.997
6292.31535 -11.6 15 1 1 e 32 3 1 2 e 33 19LiHuWaPeHu.998
6296.63535 1.2 15 1 1 e 29 3 1 2 e 30 19LiHuWaPeHu.999
6298.04235 -0.7 15 1 1 e 28 3 1 2 e 29 19LiHuWaPeHu.1000
6300.79335 -0.2 15 1 1 e 26 3 1 2 e 27 19LiHuWaPeHu.1001
6303.46635 -0.2 15 1 1 e 24 3 1 2 e 25 19LiHuWaPeHu.1002
6306.06135 -0.6 15 1 1 e 22 3 1 2 e 23 19LiHuWaPeHu.1003
6307.33035 -1.8 15 1 1 e 21 3 1 2 e 22 19LiHuWaPeHu.1004
6308.57735 -0.5 15 1 1 e 20 3 1 2 e 21 19LiHuWaPeHu.1005
6309.80335 2.0 15 1 1 e 19 3 1 2 e 20 19LiHuWaPeHu.1006
6311.01435 -0.1 15 1 1 e 18 3 1 2 e 19 19LiHuWaPeHu.1007
6312.20235 1.2 15 1 1 e 17 3 1 2 e 18 19LiHuWaPeHu.1008
6313.37235 0.8 15 1 1 e 16 3 1 2 e 17 19LiHuWaPeHu.1009
6314.52335 -0.3 15 1 1 e 15 3 1 2 e 16 19LiHuWaPeHu.1010
6315.65235 1.0 15 1 1 e 14 3 1 2 e 15 19LiHuWaPeHu.1011
6317.85535 -0.5 15 1 1 e 12 3 1 2 e 13 19LiHuWaPeHu.1012
6318.92635 -0.3 15 1 1 e 11 3 1 2 e 12 19LiHuWaPeHu.1013
6319.97735 0.2 15 1 1 e 10 3 1 2 e 11 19LiHuWaPeHu.1014
6322.02135 0.2 15 1 1 e 8 3 1 2 e 9 19LiHuWaPeHu.1015
6323.01035 3.6 15 1 1 e 7 3 1 2 e 8 19LiHuWaPeHu.1016
6323.98535 1.3 15 1 1 e 6 3 1 2 e 7 19LiHuWaPeHu.1017
6326.78235 4.0 15 1 1 e 3 3 1 2 e 4 19LiHuWaPeHu.1018
6334.83835 -3.0 15 1 1 e 6 3 1 2 e 5 19LiHuWaPeHu.1019
6336.21835 -0.4 15 1 1 e 8 3 1 2 e 7 19LiHuWaPeHu.1020
6336.86635 -1.8 15 1 1 e 9 3 1 2 e 8 19LiHuWaPeHu.1021
6338.12835 -9.9 15 1 1 e 11 3 1 2 e 10 19LiHuWaPeHu.1022
6339.30235 -9.2 15 1 1 e 13 3 1 2 e 12 19LiHuWaPeHu.1023
6340.90735 -0.6 15 1 1 e 16 3 1 2 e 15 19LiHuWaPeHu.1024
6341.89035 -6.9 15 1 1 e 18 3 1 2 e 17 19LiHuWaPeHu.1025
6342.78635 -5.4 15 1 1 e 20 3 1 2 e 19 19LiHuWaPeHu.1026
6343.60435 -5.2 15 1 1 e 22 3 1 2 e 21 19LiHuWaPeHu.1027
6344.99835 -0.7 15 1 1 e 26 3 1 2 e 25 19LiHuWaPeHu.1028
6345.29735 0.3 15 1 1 e 27 3 1 2 e 26 19LiHuWaPeHu.1029
6345.83635 2.0 15 1 1 e 29 3 1 2 e 28 19LiHuWaPeHu.1030
6346.49235 8.1 15 1 1 e 32 3 1 2 e 31 19LiHuWaPeHu.1031
6346.68235 -0.8 15 1 1 e 33 3 1 2 e 32 19LiHuWaPeHu.1032
6346.84335 -0.6 15 1 1 e 34 3 1 2 e 33 19LiHuWaPeHu.1033
6346.98635 -2.3 15 1 1 e 35 3 1 2 e 34 19LiHuWaPeHu.1034
6347.20835 -1.1 15 1 1 e 37 3 1 2 e 36 19LiHuWaPeHu.1035
6286.10235 0.6 15 1 1 f 36 3 1 2 f 37 19LiHuWaPeHu.1036
6287.65035 0.8 15 1 1 f 35 3 1 2 f 36 19LiHuWaPeHu.1037
6289.18135 -1.6 15 1 1 f 34 3 1 2 f 35 19LiHuWaPeHu.1038
6290.68835 0.3 15 1 1 f 33 3 1 2 f 34 19LiHuWaPeHu.1039
6292.17835 -0.4 15 1 1 f 32 3 1 2 f 33 19LiHuWaPeHu.1040
6293.64835 -0.9 15 1 1 f 31 3 1 2 f 32 19LiHuWaPeHu.1041
6295.09335 4.0 15 1 1 f 30 3 1 2 f 31 19LiHuWaPeHu.1042
6296.52735 0.2 15 1 1 f 29 3 1 2 f 30 19LiHuWaPeHu.1043
6299.32935 -0.6 15 1 1 f 27 3 1 2 f 28 19LiHuWaPeHu.1044
6300.69935 0.5 15 1 1 f 26 3 1 2 f 27 19LiHuWaPeHu.1045
6302.05135 -0.2 15 1 1 f 25 3 1 2 f 26 19LiHuWaPeHu.1046
6303.38335 -0.6 15 1 1 f 24 3 1 2 f 25 19LiHuWaPeHu.1047
6304.69435 0.3 15 1 1 f 23 3 1 2 f 24 19LiHuWaPeHu.1048
6305.98735 -0.6 15 1 1 f 22 3 1 2 f 23 19LiHuWaPeHu.1049
6307.26035 -1.2 15 1 1 f 21 3 1 2 f 22 19LiHuWaPeHu.1050
6308.52235 -10.6 15 1 1 f 20 3 1 2 f 21 19LiHuWaPeHu.1051
6312.15135 -0.4 15 1 1 f 17 3 1 2 f 18 19LiHuWaPeHu.1052
6313.32535 -0.9 15 1 1 f 16 3 1 2 f 17 19LiHuWaPeHu.1053
6314.47835 -0.1 15 1 1 f 15 3 1 2 f 16 19LiHuWaPeHu.1054
6317.82235 -1.8 15 1 1 f 12 3 1 2 f 13 19LiHuWaPeHu.1055
6318.89535 -0.3 15 1 1 f 11 3 1 2 f 12 19LiHuWaPeHu.1056
6319.94835 1.4 15 1 1 f 10 3 1 2 f 11 19LiHuWaPeHu.1057
6320.98335 1.3 15 1 1 f 9 3 1 2 f 10 19LiHuWaPeHu.1058
6322.00035 -0.7 15 1 1 f 8 3 1 2 f 9 19LiHuWaPeHu.1059
6323.96535 4.8 15 1 1 f 6 3 1 2 f 7 19LiHuWaPeHu.1060
6326.78235 -5.2 15 1 1 f 3 3 1 2 f 4 19LiHuWaPeHu.1061
6334.83835 3.7 15 1 1 f 6 3 1 2 f 5 19LiHuWaPeHu.1062
6336.21835 -2.0 15 1 1 f 8 3 1 2 f 7 19LiHuWaPeHu.1063
6336.86635 7.3 15 1 1 f 9 3 1 2 f 8 19LiHuWaPeHu.1064
6338.12835 0.2 15 1 1 f 11 3 1 2 f 10 19LiHuWaPeHu.1065
6339.30235 1.4 15 1 1 f 13 3 1 2 f 12 19LiHuWaPeHu.1066
6340.90735 9.7 15 1 1 f 16 3 1 2 f 15 19LiHuWaPeHu.1067
6341.89035 2.6 15 1 1 f 18 3 1 2 f 17 19LiHuWaPeHu.1068
6342.78635 2.8 15 1 1 f 20 3 1 2 f 19 19LiHuWaPeHu.1069
6343.60435 1.2 15 1 1 f 22 3 1 2 f 21 19LiHuWaPeHu.1070
6344.99835 0.8 15 1 1 f 26 3 1 2 f 25 19LiHuWaPeHu.1071
6345.29735 0.3 15 1 1 f 27 3 1 2 f 26 19LiHuWaPeHu.1072
6345.83635 -1.5 15 1 1 f 29 3 1 2 f 28 19LiHuWaPeHu.1073
6346.49235 -1.3 15 1 1 f 32 3 1 2 f 31 19LiHuWaPeHu.1074
6346.66535 4.5 15 1 1 f 33 3 1 2 f 32 19LiHuWaPeHu.1075
6347.18435 1.2 15 1 1 f 37 3 1 2 f 36 19LiHuWaPeHu.1076
6285.33235 -4.9 16 0 1 e 6 4 0 3 e 7 19LiHuWaPeHu.1077
6286.28835 -7.3 16 0 1 e 5 4 0 3 e 6 19LiHuWaPeHu.1078
6289.01235 12.3 16 0 1 e 2 4 0 3 e 3 19LiHuWaPeHu.1079
6293.98235 0.5 16 0 1 e 3 4 0 3 e 2 19LiHuWaPeHu.1080
6294.75135 -10.8 16 0 1 e 4 4 0 3 e 3 19LiHuWaPeHu.1081
6295.47735 1.3 16 0 1 e 5 4 0 3 e 4 19LiHuWaPeHu.1082
6296.88735 8.8 16 0 1 e 7 4 0 3 e 6 19LiHuWaPeHu.1083
6297.57035 5.1 16 0 1 e 8 4 0 3 e 7 19LiHuWaPeHu.1084
6298.22835 6.8 16 0 1 e 9 4 0 3 e 8 19LiHuWaPeHu.1085
6298.25335 -18.2 16 0 1 e 9 4 0 3 e 8 19LiHuWaPeHu.1086
6298.88135 -6.1 16 0 1 e 10 4 0 3 e 9 19LiHuWaPeHu.1087
6299.49235 3.4 16 0 1 e 11 4 0 3 e 10 19LiHuWaPeHu.1088
6300.11335 -16.7 16 0 1 e 12 4 0 3 e 11 19LiHuWaPeHu.1089
6301.24035 -0.5 16 0 1 e 14 4 0 3 e 13 19LiHuWaPeHu.1090
6302.30135 3.5 16 0 1 e 16 4 0 3 e 15 19LiHuWaPeHu.1091
6303.29635 -4.7 16 0 1 e 18 4 0 3 e 17 19LiHuWaPeHu.1092
6304.19935 1.0 16 0 1 e 20 4 0 3 e 19 19LiHuWaPeHu.1093
6304.62135 4.1 16 0 1 e 21 4 0 3 e 20 19LiHuWaPeHu.1094
6305.03835 -7.5 16 0 1 e 22 4 0 3 e 21 19LiHuWaPeHu.1095
6306.12335 6.6 16 0 1 e 25 4 0 3 e 24 19LiHuWaPeHu.1096
6306.76935 -4.7 16 0 1 e 27 4 0 3 e 26 19LiHuWaPeHu.1097
6308.19235 2.3 16 0 1 e 33 4 0 3 e 32 19LiHuWaPeHu.1098
6308.94635 -0.3 16 0 1 e 40 4 0 3 e 39 19LiHuWaPeHu.1099
6308.97035 0.0 16 0 1 e 41 4 0 3 e 40 19LiHuWaPeHu.1100
6283.41535 -0.4 11 1 9 e 50 1 1 1 e 51 19LiHuWaPeHu.1101
6285.09535 0.0 11 1 9 e 49 1 1 1 e 50 19LiHuWaPeHu.1102
6286.76035 -0.6 11 1 9 e 48 1 1 1 e 49 19LiHuWaPeHu.1103
6294.83935 0.3 11 1 9 e 43 1 1 1 e 44 19LiHuWaPeHu.1104
6296.40635 0.6 11 1 9 e 42 1 1 1 e 43 19LiHuWaPeHu.1105
6297.95635 1.5 11 1 9 e 41 1 1 1 e 42 19LiHuWaPeHu.1106
6299.49235 -0.0 11 1 9 e 40 1 1 1 e 41 19LiHuWaPeHu.1107
6301.01135 -0.9 11 1 9 e 39 1 1 1 e 40 19LiHuWaPeHu.1108
6302.51135 0.7 11 1 9 e 38 1 1 1 e 39 19LiHuWaPeHu.1109
6303.99735 -0.2 11 1 9 e 37 1 1 1 e 38 19LiHuWaPeHu.1110
6305.46535 0.4 11 1 9 e 36 1 1 1 e 37 19LiHuWaPeHu.1111
6306.91735 0.4 11 1 9 e 35 1 1 1 e 36 19LiHuWaPeHu.1112
6308.35335 -0.2 11 1 9 e 34 1 1 1 e 35 19LiHuWaPeHu.1113
6309.77135 0.5 11 1 9 e 33 1 1 1 e 34 19LiHuWaPeHu.1114
6311.17435 -0.5 11 1 9 e 32 1 1 1 e 33 19LiHuWaPeHu.1115
6312.55835 0.9 11 1 9 e 31 1 1 1 e 32 19LiHuWaPeHu.1116
6313.92835 -0.5 11 1 9 e 30 1 1 1 e 31 19LiHuWaPeHu.1117
6315.28035 -0.7 11 1 9 e 29 1 1 1 e 30 19LiHuWaPeHu.1118
6316.61435 0.3 11 1 9 e 28 1 1 1 e 29 19LiHuWaPeHu.1119
6317.93435 -1.5 11 1 9 e 27 1 1 1 e 28 19LiHuWaPeHu.1120
6319.23435 -0.3 11 1 9 e 26 1 1 1 e 27 19LiHuWaPeHu.1121
6320.52035 -1.9 11 1 9 e 25 1 1 1 e 26 19LiHuWaPeHu.1122
6321.78535 0.6 11 1 9 e 24 1 1 1 e 25 19LiHuWaPeHu.1123
6323.03535 1.2 11 1 9 e 23 1 1 1 e 24 19LiHuWaPeHu.1124
6324.27035 -0.3 11 1 9 e 22 1 1 1 e 23 19LiHuWaPeHu.1125
6325.48735 -0.7 11 1 9 e 21 1 1 1 e 22 19LiHuWaPeHu.1126
6327.86935 -0.7 11 1 9 e 19 1 1 1 e 20 19LiHuWaPeHu.1127
6329.03735 -3.3 11 1 9 e 18 1 1 1 e 19 19LiHuWaPeHu.1128
6330.18035 2.1 11 1 9 e 17 1 1 1 e 18 19LiHuWaPeHu.1129
6331.31135 2.3 11 1 9 e 16 1 1 1 e 17 19LiHuWaPeHu.1130
6332.42535 2.4 11 1 9 e 15 1 1 1 e 16 19LiHuWaPeHu.1131
6334.60135 3.2 11 1 9 e 13 1 1 1 e 14 19LiHuWaPeHu.1132
6337.74135 -0.5 11 1 9 e 10 1 1 1 e 11 19LiHuWaPeHu.1133
6338.75335 -1.5 11 1 9 e 9 1 1 1 e 10 19LiHuWaPeHu.1134
6339.74535 0.3 11 1 9 e 8 1 1 1 e 9 19LiHuWaPeHu.1135
6340.72135 0.8 11 1 9 e 7 1 1 1 e 8 19LiHuWaPeHu.1136
6341.67535 6.1 11 1 9 e 6 1 1 1 e 7 19LiHuWaPeHu.1137
6342.63835 -14.9 11 1 9 e 5 1 1 1 e 6 19LiHuWaPeHu.1138
6343.55635 -8.2 11 1 9 e 4 1 1 1 e 5 19LiHuWaPeHu.1139
6350.32735 -4.3 11 1 9 e 3 1 1 1 e 2 19LiHuWaPeHu.1140
6351.09635 -4.4 11 1 9 e 4 1 1 1 e 3 19LiHuWaPeHu.1141
6351.85535 -11.8 11 1 9 e 5 1 1 1 e 4 19LiHuWaPeHu.1142
6352.57135 6.5 11 1 9 e 6 1 1 1 e 5 19LiHuWaPeHu.1143
6353.29335 1.5 11 1 9 e 7 1 1 1 e 6 19LiHuWaPeHu.1144
6353.99435 0.1 11 1 9 e 8 1 1 1 e 7 19LiHuWaPeHu.1145
6354.67635 0.4 11 1 9 e 9 1 1 1 e 8 19LiHuWaPeHu.1146
6355.34235 -0.6 11 1 9 e 10 1 1 1 e 9 19LiHuWaPeHu.1147
6356.62135 -1.5 11 1 9 e 12 1 1 1 e 11 19LiHuWaPeHu.1148
6357.23435 -1.4 11 1 9 e 13 1 1 1 e 12 19LiHuWaPeHu.1149
6357.83135 -2.7 11 1 9 e 14 1 1 1 e 13 19LiHuWaPeHu.1150
6358.40435 2.9 11 1 9 e 15 1 1 1 e 14 19LiHuWaPeHu.1151
6360.54735 1.2 11 1 9 e 19 1 1 1 e 18 19LiHuWaPeHu.1152
6361.04035 0.4 11 1 9 e 20 1 1 1 e 19 19LiHuWaPeHu.1153
6361.51535 0.4 11 1 9 e 21 1 1 1 e 20 19LiHuWaPeHu.1154
6361.97735 -3.8 11 1 9 e 22 1 1 1 e 21 19LiHuWaPeHu.1155
6362.41535 -1.2 11 1 9 e 23 1 1 1 e 22 19LiHuWaPeHu.1156
6362.83735 0.3 11 1 9 e 24 1 1 1 e 23 19LiHuWaPeHu.1157
6363.24435 -0.5 11 1 9 e 25 1 1 1 e 24 19LiHuWaPeHu.1158
6363.63335 -0.3 11 1 9 e 26 1 1 1 e 25 19LiHuWaPeHu.1159
6364.00735 -2.3 11 1 9 e 27 1 1 1 e 26 19LiHuWaPeHu.1160
6364.35935 0.6 11 1 9 e 28 1 1 1 e 27 19LiHuWaPeHu.1161
6364.69135 6.4 11 1 9 e 29 1 1 1 e 28 19LiHuWaPeHu.1162
6365.01935 -0.8 11 1 9 e 30 1 1 1 e 29 19LiHuWaPeHu.1163
6365.32135 0.9 11 1 9 e 31 1 1 1 e 30 19LiHuWaPeHu.1164
6365.60735 1.6 11 1 9 e 32 1 1 1 e 31 19LiHuWaPeHu.1165
6365.87935 -0.7 11 1 9 e 33 1 1 1 e 32 19LiHuWaPeHu.1166
6366.36835 -1.1 11 1 9 e 35 1 1 1 e 34 19LiHuWaPeHu.1167
6366.58535 0.8 11 1 9 e 36 1 1 1 e 35 19LiHuWaPeHu.1168
6366.78635 1.8 11 1 9 e 37 1 1 1 e 36 19LiHuWaPeHu.1169
6366.97335 -0.1 11 1 9 e 38 1 1 1 e 37 19LiHuWaPeHu.1170
6367.14135 0.2 11 1 9 e 39 1 1 1 e 38 19LiHuWaPeHu.1171
6367.29135 1.7 11 1 9 e 40 1 1 1 e 39 19LiHuWaPeHu.1172
6367.42835 -0.6 11 1 9 e 41 1 1 1 e 40 19LiHuWaPeHu.1173
6367.54535 0.4 11 1 9 e 42 1 1 1 e 41 19LiHuWaPeHu.1174
6367.64635 0.6 11 1 9 e 43 1 1 1 e 42 19LiHuWaPeHu.1175
6367.73335 -1.8 11 1 9 e 44 1 1 1 e 43 19LiHuWaPeHu.1176
6367.84935 1.5 11 1 9 e 46 1 1 1 e 45 19LiHuWaPeHu.1177
6367.88735 -1.7 11 1 9 e 47 1 1 1 e 46 19LiHuWaPeHu.1178
6277.54235 -0.1 11 1 9 f 55 1 1 1 f 56 19LiHuWaPeHu.1179
6290.34635 2.6 11 1 9 f 47 1 1 1 f 48 19LiHuWaPeHu.1180
6291.89035 0.4 11 1 9 f 46 1 1 1 f 47 19LiHuWaPeHu.1181
6293.42135 -2.2 11 1 9 f 45 1 1 1 f 46 19LiHuWaPeHu.1182
6294.93335 0.7 11 1 9 f 44 1 1 1 f 45 19LiHuWaPeHu.1183
6296.43535 -0.2 11 1 9 f 43 1 1 1 f 44 19LiHuWaPeHu.1184
6297.92235 0.3 11 1 9 f 42 1 1 1 f 43 19LiHuWaPeHu.1185
6300.85535 0.4 11 1 9 f 40 1 1 1 f 41 19LiHuWaPeHu.1186
6302.30135 -0.1 11 1 9 f 39 1 1 1 f 40 19LiHuWaPeHu.1187
6303.73235 0.3 11 1 9 f 38 1 1 1 f 39 19LiHuWaPeHu.1188
6305.14935 0.5 11 1 9 f 37 1 1 1 f 38 19LiHuWaPeHu.1189
6306.55235 0.5 11 1 9 f 36 1 1 1 f 37 19LiHuWaPeHu.1190
6307.94135 0.0 11 1 9 f 35 1 1 1 f 36 19LiHuWaPeHu.1191
6309.31535 0.2 11 1 9 f 34 1 1 1 f 35 19LiHuWaPeHu.1192
6310.67635 -1.2 11 1 9 f 33 1 1 1 f 34 19LiHuWaPeHu.1193
6312.02035 -0.2 11 1 9 f 32 1 1 1 f 33 19LiHuWaPeHu.1194
6313.35135 -0.7 11 1 9 f 31 1 1 1 f 32 19LiHuWaPeHu.1195
6314.66635 -0.0 11 1 9 f 30 1 1 1 f 31 19LiHuWaPeHu.1196
6315.96635 0.9 11 1 9 f 29 1 1 1 f 30 19LiHuWaPeHu.1197
6317.25335 0.1 11 1 9 f 28 1 1 1 f 29 19LiHuWaPeHu.1198
6318.52135 3.3 11 1 9 f 27 1 1 1 f 28 19LiHuWaPeHu.1199
6321.02335 -1.0 11 1 9 f 25 1 1 1 f 26 19LiHuWaPeHu.1200
6322.24935 -0.7 11 1 9 f 24 1 1 1 f 25 19LiHuWaPeHu.1201
6323.45935 0.5 11 1 9 f 23 1 1 1 f 24 19LiHuWaPeHu.1202
6325.83735 -0.4 11 1 9 f 21 1 1 1 f 22 19LiHuWaPeHu.1203
6327.00235 0.3 11 1 9 f 20 1 1 1 f 21 19LiHuWaPeHu.1204
6328.15835 -5.2 11 1 9 f 19 1 1 1 f 20 19LiHuWaPeHu.1205
6329.29235 -4.1 11 1 9 f 18 1 1 1 f 19 19LiHuWaPeHu.1206
6331.51135 1.3 11 1 9 f 16 1 1 1 f 17 19LiHuWaPeHu.1207
6332.60435 -2.6 11 1 9 f 15 1 1 1 f 16 19LiHuWaPeHu.1208
6334.73135 2.3 11 1 9 f 13 1 1 1 f 14 19LiHuWaPeHu.1209
6335.77635 0.1 11 1 9 f 12 1 1 1 f 13 19LiHuWaPeHu.1210
6336.80435 -0.7 11 1 9 f 11 1 1 1 f 12 19LiHuWaPeHu.1211
6337.81535 0.0 11 1 9 f 10 1 1 1 f 11 19LiHuWaPeHu.1212
6338.81235 -0.8 11 1 9 f 9 1 1 1 f 10 19LiHuWaPeHu.1213
6339.79335 -1.2 11 1 9 f 8 1 1 1 f 9 19LiHuWaPeHu.1214
6340.75735 -0.2 11 1 9 f 7 1 1 1 f 8 19LiHuWaPeHu.1215
6341.70635 0.2 11 1 9 f 6 1 1 1 f 7 19LiHuWaPeHu.1216
6342.63835 2.0 11 1 9 f 5 1 1 1 f 6 19LiHuWaPeHu.1217
6343.55635 2.2 11 1 9 f 4 1 1 1 f 5 19LiHuWaPeHu.1218
6350.34035 -0.5 11 1 9 f 3 1 1 1 f 2 19LiHuWaPeHu.1219
6351.12035 -3.4 11 1 9 f 4 1 1 1 f 3 19LiHuWaPeHu.1220
6351.88035 -2.0 11 1 9 f 5 1 1 1 f 4 19LiHuWaPeHu.1221
6352.62535 -1.3 11 1 9 f 6 1 1 1 f 5 19LiHuWaPeHu.1222
6353.35435 -0.3 11 1 9 f 7 1 1 1 f 6 19LiHuWaPeHu.1223
6354.06835 0.1 11 1 9 f 8 1 1 1 f 7 19LiHuWaPeHu.1224
6354.76735 -0.1 11 1 9 f 9 1 1 1 f 8 19LiHuWaPeHu.1225
6355.45035 -0.1 11 1 9 f 10 1 1 1 f 9 19LiHuWaPeHu.1226
6356.76735 2.2 11 1 9 f 12 1 1 1 f 11 19LiHuWaPeHu.1227
6358.63335 -2.0 11 1 9 f 15 1 1 1 f 14 19LiHuWaPeHu.1228
6359.22635 -5.6 11 1 9 f 16 1 1 1 f 15 19LiHuWaPeHu.1229
6359.79235 2.4 11 1 9 f 17 1 1 1 f 16 19LiHuWaPeHu.1230
6360.35035 2.8 11 1 9 f 18 1 1 1 f 17 19LiHuWaPeHu.1231
6360.89435 1.8 11 1 9 f 19 1 1 1 f 18 19LiHuWaPeHu.1232
6361.42335 0.2 11 1 9 f 20 1 1 1 f 19 19LiHuWaPeHu.1233
6361.93435 1.3 11 1 9 f 21 1 1 1 f 20 19LiHuWaPeHu.1234
6362.43435 -2.1 11 1 9 f 22 1 1 1 f 21 19LiHuWaPeHu.1235
6362.91635 -2.8 11 1 9 f 23 1 1 1 f 22 19LiHuWaPeHu.1236
6364.26635 -0.7 11 1 9 f 26 1 1 1 f 25 19LiHuWaPeHu.1237
6364.69135 -5.5 11 1 9 f 27 1 1 1 f 26 19LiHuWaPeHu.1238
6365.09235 -1.5 11 1 9 f 28 1 1 1 f 27 19LiHuWaPeHu.1239
6365.48035 0.5 11 1 9 f 29 1 1 1 f 28 19LiHuWaPeHu.1240
6365.85635 -0.7 11 1 9 f 30 1 1 1 f 29 19LiHuWaPeHu.1241
6366.21435 1.1 11 1 9 f 31 1 1 1 f 30 19LiHuWaPeHu.1242
6366.56035 -0.0 11 1 9 f 32 1 1 1 f 31 19LiHuWaPeHu.1243
6366.88935 0.9 11 1 9 f 33 1 1 1 f 32 19LiHuWaPeHu.1244
6367.20535 -0.1 11 1 9 f 34 1 1 1 f 33 19LiHuWaPeHu.1245
6367.50635 -0.8 11 1 9 f 35 1 1 1 f 34 19LiHuWaPeHu.1246
6367.79135 -0.3 11 1 9 f 36 1 1 1 f 35 19LiHuWaPeHu.1247
6368.06335 -1.4 11 1 9 f 37 1 1 1 f 36 19LiHuWaPeHu.1248
6368.32035 -2.2 11 1 9 f 38 1 1 1 f 37 19LiHuWaPeHu.1249
6368.55935 0.5 11 1 9 f 39 1 1 1 f 38 19LiHuWaPeHu.1250
6368.78635 0.8 11 1 9 f 40 1 1 1 f 39 19LiHuWaPeHu.1251
6368.99935 0.6 11 1 9 f 41 1 1 1 f 40 19LiHuWaPeHu.1252
6369.19835 0.2 11 1 9 f 42 1 1 1 f 41 19LiHuWaPeHu.1253
6369.38035 2.5 11 1 9 f 43 1 1 1 f 42 19LiHuWaPeHu.1254
6369.55435 -1.4 11 1 9 f 44 1 1 1 f 43 19LiHuWaPeHu.1255
6369.85035 0.9 11 1 9 f 46 1 1 1 f 45 19LiHuWaPeHu.1256
6369.97935 0.2 11 1 9 f 47 1 1 1 f 46 19LiHuWaPeHu.1257
6370.09435 -0.3 11 1 9 f 48 1 1 1 f 47 19LiHuWaPeHu.1258
6370.19535 -0.5 11 1 9 f 49 1 1 1 f 48 19LiHuWaPeHu.1259
6370.28335 -1.2 11 1 9 f 50 1 1 1 f 49 19LiHuWaPeHu.1260
6370.35535 0.6 11 1 9 f 51 1 1 1 f 50 19LiHuWaPeHu.1261
6370.41535 1.0 11 1 9 f 52 1 1 1 f 51 19LiHuWaPeHu.1262
6370.49835 -0.7 11 1 9 f 54 1 1 1 f 53 19LiHuWaPeHu.1263
6300.00335 1.9 12 2 8 e 52 2 2 1 e 53 19LiHuWaPeHu.1264
6306.67635 -2.2 12 2 8 e 48 2 2 1 e 49 19LiHuWaPeHu.1265
6309.91035 -1.9 12 2 8 e 46 2 2 1 e 47 19LiHuWaPeHu.1266
6311.50035 0.3 12 2 8 e 45 2 2 1 e 46 19LiHuWaPeHu.1267
6313.08035 -4.2 12 2 8 e 44 2 2 1 e 45 19LiHuWaPeHu.1268
6314.63735 -2.2 12 2 8 e 43 2 2 1 e 44 19LiHuWaPeHu.1269
6316.18235 -4.8 12 2 8 e 42 2 2 1 e 43 19LiHuWaPeHu.1270
6320.70535 0.1 12 2 8 e 39 2 2 1 e 40 19LiHuWaPeHu.1271
6323.64135 0.0 12 2 8 e 37 2 2 1 e 38 19LiHuWaPeHu.1272
6325.09535 -10.7 12 2 8 e 36 2 2 1 e 37 19LiHuWaPeHu.1273
6326.50835 3.1 12 2 8 e 35 2 2 1 e 36 19LiHuWaPeHu.1274
6327.92135 0.4 12 2 8 e 34 2 2 1 e 35 19LiHuWaPeHu.1275
6330.69235 0.8 12 2 8 e 32 2 2 1 e 33 19LiHuWaPeHu.1276
6332.05535 -1.1 12 2 8 e 31 2 2 1 e 32 19LiHuWaPeHu.1277
6333.40135 -2.4 12 2 8 e 30 2 2 1 e 31 19LiHuWaPeHu.1278
6336.03835 0.8 12 2 8 e 28 2 2 1 e 29 19LiHuWaPeHu.1279
6337.33535 -0.7 12 2 8 e 27 2 2 1 e 28 19LiHuWaPeHu.1280
6338.61435 -0.5 12 2 8 e 26 2 2 1 e 27 19LiHuWaPeHu.1281
6342.35235 1.1 12 2 8 e 23 2 2 1 e 24 19LiHuWaPeHu.1282
6344.76635 -1.4 12 2 8 e 21 2 2 1 e 22 19LiHuWaPeHu.1283
6345.94535 0.9 12 2 8 e 20 2 2 1 e 21 19LiHuWaPeHu.1284
6348.26735 -7.4 12 2 8 e 18 2 2 1 e 19 19LiHuWaPeHu.1285
6349.39535 -3.0 12 2 8 e 17 2 2 1 e 18 19LiHuWaPeHu.1286
6350.51035 -1.8 12 2 8 e 16 2 2 1 e 17 19LiHuWaPeHu.1287
6354.81235 -1.7 12 2 8 e 12 2 2 1 e 13 19LiHuWaPeHu.1288
6355.84735 -1.8 12 2 8 e 11 2 2 1 e 12 19LiHuWaPeHu.1289
6356.86435 -0.2 12 2 8 e 10 2 2 1 e 11 19LiHuWaPeHu.1290
6357.86635 0.3 12 2 8 e 9 2 2 1 e 10 19LiHuWaPeHu.1291
6358.85235 0.4 12 2 8 e 8 2 2 1 e 9 19LiHuWaPeHu.1292
6359.82235 0.4 12 2 8 e 7 2 2 1 e 8 19LiHuWaPeHu.1293
6360.77435 2.1 12 2 8 e 6 2 2 1 e 7 19LiHuWaPeHu.1294
6361.71335 0.6 12 2 8 e 5 2 2 1 e 6 19LiHuWaPeHu.1295
6362.63435 0.8 12 2 8 e 4 2 2 1 e 5 19LiHuWaPeHu.1296
6363.54035 -0.2 12 2 8 e 3 2 2 1 e 4 19LiHuWaPeHu.1297
6370.19535 0.3 12 2 8 e 4 2 2 1 e 3 19LiHuWaPeHu.1298
6370.95435 0.1 12 2 8 e 5 2 2 1 e 4 19LiHuWaPeHu.1299
6371.69635 0.7 12 2 8 e 6 2 2 1 e 5 19LiHuWaPeHu.1300
6372.42235 1.0 12 2 8 e 7 2 2 1 e 6 19LiHuWaPeHu.1301
6373.82535 1.8 12 2 8 e 9 2 2 1 e 8 19LiHuWaPeHu.1302
6374.50435 0.3 12 2 8 e 10 2 2 1 e 9 19LiHuWaPeHu.1303
6375.16535 0.5 12 2 8 e 11 2 2 1 e 10 19LiHuWaPeHu.1304
6375.81135 -0.6 12 2 8 e 12 2 2 1 e 11 19LiHuWaPeHu.1305
6377.05235 -0.7 12 2 8 e 14 2 2 1 e 13 19LiHuWaPeHu.1306
6378.79535 -4.8 12 2 8 e 17 2 2 1 e 16 19LiHuWaPeHu.1307
6379.33935 -1.9 12 2 8 e 18 2 2 1 e 17 19LiHuWaPeHu.1308
6379.87235 -4.3 12 2 8 e 19 2 2 1 e 18 19LiHuWaPeHu.1309
6380.38835 -6.1 12 2 8 e 20 2 2 1 e 19 19LiHuWaPeHu.1310
6381.36235 -0.8 12 2 8 e 22 2 2 1 e 21 19LiHuWaPeHu.1311
6381.84335 -16.8 12 2 8 e 23 2 2 1 e 22 19LiHuWaPeHu.1312
6382.27535 -0.2 12 2 8 e 24 2 2 1 e 23 19LiHuWaPeHu.1313
6382.70935 -2.0 12 2 8 e 25 2 2 1 e 24 19LiHuWaPeHu.1314
6383.12035 2.7 12 2 8 e 26 2 2 1 e 25 19LiHuWaPeHu.1315
6383.52735 -5.0 12 2 8 e 27 2 2 1 e 26 19LiHuWaPeHu.1316
6383.90535 -0.2 12 2 8 e 28 2 2 1 e 27 19LiHuWaPeHu.1317
6384.27135 0.1 12 2 8 e 29 2 2 1 e 28 19LiHuWaPeHu.1318
6384.95535 -0.9 12 2 8 e 31 2 2 1 e 30 19LiHuWaPeHu.1319
6385.26835 2.8 12 2 8 e 32 2 2 1 e 31 19LiHuWaPeHu.1320
6385.57135 -0.0 12 2 8 e 33 2 2 1 e 32 19LiHuWaPeHu.1321
6386.12435 -2.5 12 2 8 e 35 2 2 1 e 34 19LiHuWaPeHu.1322
6386.36935 2.9 12 2 8 e 36 2 2 1 e 35 19LiHuWaPeHu.1323
6386.60335 2.6 12 2 8 e 37 2 2 1 e 36 19LiHuWaPeHu.1324
6387.20935 -2.2 12 2 8 e 40 2 2 1 e 39 19LiHuWaPeHu.1325
6387.37135 2.8 12 2 8 e 41 2 2 1 e 40 19LiHuWaPeHu.1326
6387.52335 1.1 12 2 8 e 42 2 2 1 e 41 19LiHuWaPeHu.1327
6387.76835 6.3 12 2 8 e 44 2 2 1 e 43 19LiHuWaPeHu.1328
6387.87535 -0.8 12 2 8 e 45 2 2 1 e 44 19LiHuWaPeHu.1329
6387.95335 4.3 12 2 8 e 46 2 2 1 e 45 19LiHuWaPeHu.1330
6388.01635 7.6 12 2 8 e 47 2 2 1 e 46 19LiHuWaPeHu.1331
6388.11035 11.0 12 2 8 e 50 2 2 1 e 49 19LiHuWaPeHu.1332
6388.11035 9.6 12 2 8 e 51 2 2 1 e 50 19LiHuWaPeHu.1333
6286.85435 0.4 12 2 8 f 60 2 2 1 f 61 19LiHuWaPeHu.1334
6290.36735 2.1 12 2 8 f 58 2 2 1 f 59 19LiHuWaPeHu.1335
6297.23135 -0.9 12 2 8 f 54 2 2 1 f 55 19LiHuWaPeHu.1336
6297.23935 -8.9 12 2 8 f 54 2 2 1 f 55 19LiHuWaPeHu.1337
6302.23735 -0.6 12 2 8 f 51 2 2 1 f 52 19LiHuWaPeHu.1338
6303.85435 9.0 12 2 8 f 50 2 2 1 f 51 19LiHuWaPeHu.1339
6310.26635 -2.6 12 2 8 f 46 2 2 1 f 47 19LiHuWaPeHu.1340
6313.37235 3.2 12 2 8 f 44 2 2 1 f 45 19LiHuWaPeHu.1341
6316.42935 -1.5 12 2 8 f 42 2 2 1 f 43 19LiHuWaPeHu.1342
6319.42035 -0.2 12 2 8 f 40 2 2 1 f 41 19LiHuWaPeHu.1343
6320.89235 1.4 12 2 8 f 39 2 2 1 f 40 19LiHuWaPeHu.1344
6322.35235 -0.3 12 2 8 f 38 2 2 1 f 39 19LiHuWaPeHu.1345
6326.63535 0.5 12 2 8 f 35 2 2 1 f 36 19LiHuWaPeHu.1346
6328.03235 0.7 12 2 8 f 34 2 2 1 f 35 19LiHuWaPeHu.1347
6329.41535 -0.4 12 2 8 f 33 2 2 1 f 34 19LiHuWaPeHu.1348
6332.13135 1.1 12 2 8 f 31 2 2 1 f 32 19LiHuWaPeHu.1349
6334.78835 -0.6 12 2 8 f 29 2 2 1 f 30 19LiHuWaPeHu.1350
6336.09235 -0.3 12 2 8 f 28 2 2 1 f 29 19LiHuWaPeHu.1351
6337.38035 0.4 12 2 8 f 27 2 2 1 f 28 19LiHuWaPeHu.1352
6338.65435 -0.6 12 2 8 f 26 2 2 1 f 27 19LiHuWaPeHu.1353
6339.91035 0.7 12 2 8 f 25 2 2 1 f 26 19LiHuWaPeHu.1354
6341.15235 0.2 12 2 8 f 24 2 2 1 f 25 19LiHuWaPeHu.1355
6343.58935 -1.1 12 2 8 f 22 2 2 1 f 23 19LiHuWaPeHu.1356
6344.78235 0.0 12 2 8 f 21 2 2 1 f 22 19LiHuWaPeHu.1357
6345.96035 0.3 12 2 8 f 20 2 2 1 f 21 19LiHuWaPeHu.1358
6348.26735 2.0 12 2 8 f 18 2 2 1 f 19 19LiHuWaPeHu.1359
6354.81235 -0.4 12 2 8 f 12 2 2 1 f 13 19LiHuWaPeHu.1360
6355.84735 -1.2 12 2 8 f 11 2 2 1 f 12 19LiHuWaPeHu.1361
6356.86435 -0.1 12 2 8 f 10 2 2 1 f 11 19LiHuWaPeHu.1362
6357.86635 -0.0 12 2 8 f 9 2 2 1 f 10 19LiHuWaPeHu.1363
6358.85235 -0.2 12 2 8 f 8 2 2 1 f 9 19LiHuWaPeHu.1364
6359.82235 -0.5 12 2 8 f 7 2 2 1 f 8 19LiHuWaPeHu.1365
6361.71335 -0.6 12 2 8 f 5 2 2 1 f 6 19LiHuWaPeHu.1366
6362.63435 -0.4 12 2 8 f 4 2 2 1 f 5 19LiHuWaPeHu.1367
6363.54035 -1.5 12 2 8 f 3 2 2 1 f 4 19LiHuWaPeHu.1368
6370.19535 -0.9 12 2 8 f 4 2 2 1 f 3 19LiHuWaPeHu.1369
6370.95435 -1.1 12 2 8 f 5 2 2 1 f 4 19LiHuWaPeHu.1370
6371.69635 -0.4 12 2 8 f 6 2 2 1 f 5 19LiHuWaPeHu.1371
6372.42235 -0.1 12 2 8 f 7 2 2 1 f 6 19LiHuWaPeHu.1372
6373.82535 1.0 12 2 8 f 9 2 2 1 f 8 19LiHuWaPeHu.1373
6374.50435 -0.3 12 2 8 f 10 2 2 1 f 9 19LiHuWaPeHu.1374
6375.16535 0.2 12 2 8 f 11 2 2 1 f 10 19LiHuWaPeHu.1375
6375.81135 -0.5 12 2 8 f 12 2 2 1 f 11 19LiHuWaPeHu.1376
6377.05235 0.5 12 2 8 f 14 2 2 1 f 13 19LiHuWaPeHu.1377
6378.79535 -0.9 12 2 8 f 17 2 2 1 f 16 19LiHuWaPeHu.1378
6379.87235 2.6 12 2 8 f 19 2 2 1 f 18 19LiHuWaPeHu.1379
6380.38835 2.6 12 2 8 f 20 2 2 1 f 19 19LiHuWaPeHu.1380
6381.37435 0.5 12 2 8 f 22 2 2 1 f 21 19LiHuWaPeHu.1381
6381.84335 -0.6 12 2 8 f 23 2 2 1 f 22 19LiHuWaPeHu.1382
6382.29435 0.3 12 2 8 f 24 2 2 1 f 23 19LiHuWaPeHu.1383
6382.73235 -1.9 12 2 8 f 25 2 2 1 f 24 19LiHuWaPeHu.1384
6383.15735 -6.9 12 2 8 f 26 2 2 1 f 25 19LiHuWaPeHu.1385
6383.56335 -9.0 12 2 8 f 27 2 2 1 f 26 19LiHuWaPeHu.1386
6383.94035 2.1 12 2 8 f 28 2 2 1 f 27 19LiHuWaPeHu.1387
6384.31035 4.3 12 2 8 f 29 2 2 1 f 28 19LiHuWaPeHu.1388
6385.33335 2.8 12 2 8 f 32 2 2 1 f 31 19LiHuWaPeHu.1389
6386.21335 2.5 12 2 8 f 35 2 2 1 f 34 19LiHuWaPeHu.1390
6386.48635 -8.7 12 2 8 f 36 2 2 1 f 35 19LiHuWaPeHu.1391
6387.37135 -1.9 12 2 8 f 40 2 2 1 f 39 19LiHuWaPeHu.1392
6387.55435 -0.7 12 2 8 f 41 2 2 1 f 40 19LiHuWaPeHu.1393
6387.87535 0.5 12 2 8 f 43 2 2 1 f 42 19LiHuWaPeHu.1394
6388.01635 -2.4 12 2 8 f 44 2 2 1 f 43 19LiHuWaPeHu.1395
6388.14035 -3.6 12 2 8 f 45 2 2 1 f 44 19LiHuWaPeHu.1396
6388.53135 -7.9 12 2 8 f 50 2 2 1 f 49 19LiHuWaPeHu.1397
6287.68635 -2.3 13 1 13 e 23 3 1 2 e 24 19LiHuWaPeHu.1398
6288.89635 -0.9 13 1 13 e 22 3 1 2 e 23 19LiHuWaPeHu.1399
6293.57835 0.2 13 1 13 e 18 3 1 2 e 19 19LiHuWaPeHu.1400
6294.70635 2.2 13 1 13 e 17 3 1 2 e 18 19LiHuWaPeHu.1401
6295.82035 2.0 13 1 13 e 16 3 1 2 e 17 19LiHuWaPeHu.1402
6297.99935 1.5 13 1 13 e 14 3 1 2 e 15 19LiHuWaPeHu.1403
6299.06335 2.2 13 1 13 e 13 3 1 2 e 14 19LiHuWaPeHu.1404
6300.11335 0.5 13 1 13 e 12 3 1 2 e 13 19LiHuWaPeHu.1405
6301.14635 -0.6 13 1 13 e 11 3 1 2 e 12 19LiHuWaPeHu.1406
6302.16335 -2.0 13 1 13 e 10 3 1 2 e 11 19LiHuWaPeHu.1407
6303.16035 0.1 13 1 13 e 9 3 1 2 e 10 19LiHuWaPeHu.1408
6305.10835 1.1 13 1 13 e 7 3 1 2 e 8 19LiHuWaPeHu.1409
6306.06135 -2.1 13 1 13 e 6 3 1 2 e 7 19LiHuWaPeHu.1410
6307.00735 -14.7 13 1 13 e 5 3 1 2 e 6 19LiHuWaPeHu.1411
6307.92335 -13.7 13 1 13 e 4 3 1 2 e 5 19LiHuWaPeHu.1412
6308.81135 -1.3 13 1 13 e 3 3 1 2 e 4 19LiHuWaPeHu.1413
6315.42135 -0.9 13 1 13 e 4 3 1 2 e 3 19LiHuWaPeHu.1414
6316.18235 -9.9 13 1 13 e 5 3 1 2 e 4 19LiHuWaPeHu.1415
6317.62935 -2.3 13 1 13 e 7 3 1 2 e 6 19LiHuWaPeHu.1416
6318.32735 2.2 13 1 13 e 8 3 1 2 e 7 19LiHuWaPeHu.1417
6319.68435 0.8 13 1 13 e 10 3 1 2 e 9 19LiHuWaPeHu.1418
6320.33835 -0.2 13 1 13 e 11 3 1 2 e 10 19LiHuWaPeHu.1419
6320.98335 -8.6 13 1 13 e 12 3 1 2 e 11 19LiHuWaPeHu.1420
6321.59435 0.4 13 1 13 e 13 3 1 2 e 12 19LiHuWaPeHu.1421
6322.78435 1.0 13 1 13 e 15 3 1 2 e 14 19LiHuWaPeHu.1422
6323.35335 2.6 13 1 13 e 16 3 1 2 e 15 19LiHuWaPeHu.1423
6323.90935 0.7 13 1 13 e 17 3 1 2 e 16 19LiHuWaPeHu.1424
6324.44335 4.4 13 1 13 e 18 3 1 2 e 17 19LiHuWaPeHu.1425
6325.96635 -4.4 13 1 13 e 21 3 1 2 e 20 19LiHuWaPeHu.1426
6326.43535 -1.5 13 1 13 e 22 3 1 2 e 21 19LiHuWaPeHu.1427
6327.33035 -2.1 13 1 13 e 24 3 1 2 e 23 19LiHuWaPeHu.1428
6328.55235 -5.3 13 1 13 e 27 3 1 2 e 26 19LiHuWaPeHu.1429
6330.24335 7.8 13 1 13 e 32 3 1 2 e 31 19LiHuWaPeHu.1430
6331.54835 -0.2 13 1 13 e 37 3 1 2 e 36 19LiHuWaPeHu.1431
6331.94635 7.2 13 1 13 e 39 3 1 2 e 38 19LiHuWaPeHu.1432
6332.13135 0.6 13 1 13 e 40 3 1 2 e 39 19LiHuWaPeHu.1433
6283.46735 2.8 13 1 13 f 27 3 1 2 f 28 19LiHuWaPeHu.1434
6284.68835 -3.3 13 1 13 f 26 3 1 2 f 27 19LiHuWaPeHu.1435
6288.25035 -1.2 13 1 13 f 23 3 1 2 f 24 19LiHuWaPeHu.1436
6289.40935 0.7 13 1 13 f 22 3 1 2 f 23 19LiHuWaPeHu.1437
6290.55735 -0.0 13 1 13 f 21 3 1 2 f 22 19LiHuWaPeHu.1438
6291.70035 -9.5 13 1 13 f 20 3 1 2 f 21 19LiHuWaPeHu.1439
6293.91635 0.3 13 1 13 f 18 3 1 2 f 19 19LiHuWaPeHu.1440
6295.00835 0.3 13 1 13 f 17 3 1 2 f 18 19LiHuWaPeHu.1441
6296.08635 0.5 13 1 13 f 16 3 1 2 f 17 19LiHuWaPeHu.1442
6297.15035 0.6 13 1 13 f 15 3 1 2 f 16 19LiHuWaPeHu.1443
6299.23735 -0.1 13 1 13 f 13 3 1 2 f 14 19LiHuWaPeHu.1444
6300.25835 0.9 13 1 13 f 12 3 1 2 f 13 19LiHuWaPeHu.1445
6301.26735 -0.3 13 1 13 f 11 3 1 2 f 12 19LiHuWaPeHu.1446
6302.26035 0.4 13 1 13 f 10 3 1 2 f 11 19LiHuWaPeHu.1447
6306.09235 1.0 13 1 13 f 6 3 1 2 f 7 19LiHuWaPeHu.1448
6307.92335 0.5 13 1 13 f 4 3 1 2 f 5 19LiHuWaPeHu.1449
6308.81135 6.3 13 1 13 f 3 3 1 2 f 4 19LiHuWaPeHu.1450
6315.45135 -0.7 13 1 13 f 4 3 1 2 f 3 19LiHuWaPeHu.1451
6316.21635 -1.2 13 1 13 f 5 3 1 2 f 4 19LiHuWaPeHu.1452
6316.96535 -0.2 13 1 13 f 6 3 1 2 f 5 19LiHuWaPeHu.1453
6318.43235 -10.1 13 1 13 f 8 3 1 2 f 7 19LiHuWaPeHu.1454
6319.12735 2.0 13 1 13 f 9 3 1 2 f 8 19LiHuWaPeHu.1455
6319.82435 -2.3 13 1 13 f 10 3 1 2 f 9 19LiHuWaPeHu.1456
6321.16435 0.4 13 1 13 f 12 3 1 2 f 11 19LiHuWaPeHu.1457
6321.81435 0.3 13 1 13 f 13 3 1 2 f 12 19LiHuWaPeHu.1458
6322.44935 1.1 13 1 13 f 14 3 1 2 f 13 19LiHuWaPeHu.1459
6323.68035 -1.0 13 1 13 f 16 3 1 2 f 15 19LiHuWaPeHu.1460
6324.86635 -14.5 13 1 13 f 18 3 1 2 f 17 19LiHuWaPeHu.1461
6325.96635 1.9 13 1 13 f 20 3 1 2 f 19 19LiHuWaPeHu.1462
6326.50835 -2.8 13 1 13 f 21 3 1 2 f 20 19LiHuWaPeHu.1463
6327.03435 -5.5 13 1 13 f 22 3 1 2 f 21 19LiHuWaPeHu.1464
6327.53935 -1.0 13 1 13 f 23 3 1 2 f 22 19LiHuWaPeHu.1465
6328.03235 1.8 13 1 13 f 24 3 1 2 f 23 19LiHuWaPeHu.1466
6328.51535 0.7 13 1 13 f 25 3 1 2 f 24 19LiHuWaPeHu.1467
6329.43935 -0.3 13 1 13 f 27 3 1 2 f 26 19LiHuWaPeHu.1468
6329.88135 -1.2 13 1 13 f 28 3 1 2 f 27 19LiHuWaPeHu.1469
6330.30735 0.4 13 1 13 f 29 3 1 2 f 28 19LiHuWaPeHu.1470
6333.25135 0.2 13 1 13 f 37 3 1 2 f 36 19LiHuWaPeHu.1471
6282.99535 -2.8 15 1 1 e 37 3 1 1 e 38 19LiHuWaPeHu.1472
6286.06935 -0.8 15 1 1 e 35 3 1 1 e 36 19LiHuWaPeHu.1473
6287.57835 -0.5 15 1 1 e 34 3 1 1 e 35 19LiHuWaPeHu.1474
6289.07135 -3.3 15 1 1 e 33 3 1 1 e 34 19LiHuWaPeHu.1475
6290.53735 1.9 15 1 1 e 32 3 1 1 e 33 19LiHuWaPeHu.1476
6291.98935 1.9 15 1 1 e 31 3 1 1 e 32 19LiHuWaPeHu.1477
6293.42135 2.8 15 1 1 e 30 3 1 1 e 31 19LiHuWaPeHu.1478
6297.60535 2.8 15 1 1 e 27 3 1 1 e 28 19LiHuWaPeHu.1479
6298.96335 1.2 15 1 1 e 26 3 1 1 e 27 19LiHuWaPeHu.1480
6300.30235 -0.4 15 1 1 e 25 3 1 1 e 26 19LiHuWaPeHu.1481
6302.91935 -0.2 15 1 1 e 23 3 1 1 e 24 19LiHuWaPeHu.1482
6304.19935 -0.2 15 1 1 e 22 3 1 1 e 23 19LiHuWaPeHu.1483
6305.44035 9.6 15 1 1 e 21 3 1 1 e 22 19LiHuWaPeHu.1484
6306.70135 0.3 15 1 1 e 20 3 1 1 e 21 19LiHuWaPeHu.1485
6307.92335 0.9 15 1 1 e 19 3 1 1 e 20 19LiHuWaPeHu.1486
6309.12635 1.3 15 1 1 e 18 3 1 1 e 19 19LiHuWaPeHu.1487
6310.31035 1.6 15 1 1 e 17 3 1 1 e 18 19LiHuWaPeHu.1488
6311.47735 -0.3 15 1 1 e 16 3 1 1 e 17 19LiHuWaPeHu.1489
6312.62235 0.8 15 1 1 e 15 3 1 1 e 16 19LiHuWaPeHu.1490
6313.74935 0.6 15 1 1 e 14 3 1 1 e 15 19LiHuWaPeHu.1491
6315.94635 -0.2 15 1 1 e 12 3 1 1 e 13 19LiHuWaPeHu.1492
6317.01635 -0.8 15 1 1 e 11 3 1 1 e 12 19LiHuWaPeHu.1493
6318.06535 0.5 15 1 1 e 10 3 1 1 e 11 19LiHuWaPeHu.1494
6319.09935 -2.5 15 1 1 e 9 3 1 1 e 10 19LiHuWaPeHu.1495
6321.10135 0.1 15 1 1 e 7 3 1 1 e 8 19LiHuWaPeHu.1496
6322.07535 -0.4 15 1 1 e 6 3 1 1 e 7 19LiHuWaPeHu.1497
6323.01035 18.9 15 1 1 e 5 3 1 1 e 6 19LiHuWaPeHu.1498
6323.96535 -0.9 15 1 1 e 4 3 1 1 e 5 19LiHuWaPeHu.1499
6324.88035 0.0 15 1 1 e 3 3 1 1 e 4 19LiHuWaPeHu.1500
6325.77735 -0.2 15 1 1 e 2 3 1 1 e 3 19LiHuWaPeHu.1501
6332.26135 -2.1 15 1 1 e 5 3 1 1 e 4 19LiHuWaPeHu.1502
6332.98335 -0.4 15 1 1 e 6 3 1 1 e 5 19LiHuWaPeHu.1503
6334.37335 -0.7 15 1 1 e 8 3 1 1 e 7 19LiHuWaPeHu.1504
6336.31235 0.3 15 1 1 e 11 3 1 1 e 10 19LiHuWaPeHu.1505
6336.92135 -0.7 15 1 1 e 12 3 1 1 e 11 19LiHuWaPeHu.1506
6337.51035 -0.9 15 1 1 e 13 3 1 1 e 12 19LiHuWaPeHu.1507
6338.62935 -0.2 15 1 1 e 15 3 1 1 e 14 19LiHuWaPeHu.1508
6339.67035 1.3 15 1 1 e 17 3 1 1 e 16 19LiHuWaPeHu.1509
6340.63535 1.5 15 1 1 e 19 3 1 1 e 18 19LiHuWaPeHu.1510
6341.08835 2.0 15 1 1 e 20 3 1 1 e 19 19LiHuWaPeHu.1511
6341.52335 1.3 15 1 1 e 21 3 1 1 e 20 19LiHuWaPeHu.1512
6341.93735 2.1 15 1 1 e 22 3 1 1 e 21 19LiHuWaPeHu.1513
6342.33635 -1.4 15 1 1 e 23 3 1 1 e 22 19LiHuWaPeHu.1514
6343.40335 1.9 15 1 1 e 26 3 1 1 e 25 19LiHuWaPeHu.1515
6343.72235 0.9 15 1 1 e 27 3 1 1 e 26 19LiHuWaPeHu.1516
6344.02235 -0.5 15 1 1 e 28 3 1 1 e 27 19LiHuWaPeHu.1517
6344.80435 -3.1 15 1 1 e 31 3 1 1 e 30 19LiHuWaPeHu.1518
6345.02335 -1.2 15 1 1 e 32 3 1 1 e 31 19LiHuWaPeHu.1519
6345.22535 -1.7 15 1 1 e 33 3 1 1 e 32 19LiHuWaPeHu.1520
6345.40435 1.4 15 1 1 e 34 3 1 1 e 33 19LiHuWaPeHu.1521
6345.79535 2.6 15 1 1 e 49 3 1 1 e 48 19LiHuWaPeHu.1522
6345.83635 -1.2 15 1 1 e 37 3 1 1 e 36 19LiHuWaPeHu.1523
6346.02735 -3.3 15 1 1 e 39 3 1 1 e 38 19LiHuWaPeHu.1524
6346.11235 10.5 15 1 1 e 45 3 1 1 e 44 19LiHuWaPeHu.1525
6346.11235 22.7 15 1 1 e 41 3 1 1 e 40 19LiHuWaPeHu.1526
6346.18935 -21.4 15 1 1 e 43 3 1 1 e 42 19LiHuWaPeHu.1527
6288.86435 -1.3 15 1 1 f 33 3 1 1 f 34 19LiHuWaPeHu.1528
6290.34635 -3.2 15 1 1 f 32 3 1 1 f 33 19LiHuWaPeHu.1529
6294.66835 -1.0 15 1 1 f 29 3 1 1 f 30 19LiHuWaPeHu.1530
6296.07035 -0.3 15 1 1 f 28 3 1 1 f 29 19LiHuWaPeHu.1531
6297.45335 0.1 15 1 1 f 27 3 1 1 f 28 19LiHuWaPeHu.1532
6298.81735 0.2 15 1 1 f 26 3 1 1 f 27 19LiHuWaPeHu.1533
6300.16235 0.1 15 1 1 f 25 3 1 1 f 26 19LiHuWaPeHu.1534
6301.48735 0.7 15 1 1 f 24 3 1 1 f 25 19LiHuWaPeHu.1535
6302.79435 0.0 15 1 1 f 23 3 1 1 f 24 19LiHuWaPeHu.1536
6304.07135 10.1 15 1 1 f 22 3 1 1 f 23 19LiHuWaPeHu.1537
6305.35135 -2.1 15 1 1 f 21 3 1 1 f 22 19LiHuWaPeHu.1538
6306.59835 -0.6 15 1 1 f 20 3 1 1 f 21 19LiHuWaPeHu.1539
6307.82735 -0.4 15 1 1 f 19 3 1 1 f 20 19LiHuWaPeHu.1540
6309.03735 -0.4 15 1 1 f 18 3 1 1 f 19 19LiHuWaPeHu.1541
6310.23335 -5.7 15 1 1 f 17 3 1 1 f 18 19LiHuWaPeHu.1542
6311.39835 0.8 15 1 1 f 16 3 1 1 f 17 19LiHuWaPeHu.1543
6313.68335 0.7 15 1 1 f 14 3 1 1 f 15 19LiHuWaPeHu.1544
6314.79635 1.2 15 1 1 f 13 3 1 1 f 14 19LiHuWaPeHu.1545
6315.89235 -0.6 15 1 1 f 12 3 1 1 f 13 19LiHuWaPeHu.1546
6316.96535 1.3 15 1 1 f 11 3 1 1 f 12 19LiHuWaPeHu.1547
6318.02235 -0.2 15 1 1 f 10 3 1 1 f 11 19LiHuWaPeHu.1548
6319.06435 -6.0 15 1 1 f 9 3 1 1 f 10 19LiHuWaPeHu.1549
6320.07535 -0.2 15 1 1 f 8 3 1 1 f 9 19LiHuWaPeHu.1550
6321.07235 0.3 15 1 1 f 7 3 1 1 f 8 19LiHuWaPeHu.1551
6322.05035 0.4 15 1 1 f 6 3 1 1 f 7 19LiHuWaPeHu.1552
6323.01035 -0.9 15 1 1 f 5 3 1 1 f 6 19LiHuWaPeHu.1553
6323.94835 0.4 15 1 1 f 4 3 1 1 f 5 19LiHuWaPeHu.1554
6324.86635 2.4 15 1 1 f 3 3 1 1 f 4 19LiHuWaPeHu.1555
6325.77735 -8.1 15 1 1 f 2 3 1 1 f 3 19LiHuWaPeHu.1556
6332.27335 0.6 15 1 1 f 5 3 1 1 f 4 19LiHuWaPeHu.1557
6332.99835 1.2 15 1 1 f 6 3 1 1 f 5 19LiHuWaPeHu.1558
6334.39235 0.0 15 1 1 f 8 3 1 1 f 7 19LiHuWaPeHu.1559
6335.06035 -0.8 15 1 1 f 9 3 1 1 f 8 19LiHuWaPeHu.1560
6335.70935 -2.0 15 1 1 f 10 3 1 1 f 9 19LiHuWaPeHu.1561
6336.33635 -0.7 15 1 1 f 11 3 1 1 f 10 19LiHuWaPeHu.1562
6336.95135 -6.8 15 1 1 f 12 3 1 1 f 11 19LiHuWaPeHu.1563
6337.51035 23.6 15 1 1 f 13 3 1 1 f 12 19LiHuWaPeHu.1564
6338.10335 0.5 15 1 1 f 14 3 1 1 f 13 19LiHuWaPeHu.1565
6338.65435 -0.1 15 1 1 f 15 3 1 1 f 14 19LiHuWaPeHu.1566
6339.18535 -0.1 15 1 1 f 16 3 1 1 f 15 19LiHuWaPeHu.1567
6340.66235 -1.1 15 1 1 f 19 3 1 1 f 18 19LiHuWaPeHu.1568
6341.10735 7.0 15 1 1 f 20 3 1 1 f 19 19LiHuWaPeHu.1569
6341.52335 24.5 15 1 1 f 21 3 1 1 f 20 19LiHuWaPeHu.1570
6341.93735 24.6 15 1 1 f 22 3 1 1 f 21 19LiHuWaPeHu.1571
6342.35235 4.1 15 1 1 f 23 3 1 1 f 22 19LiHuWaPeHu.1572
6342.73035 1.2 15 1 1 f 24 3 1 1 f 23 19LiHuWaPeHu.1573
6343.08735 -0.4 15 1 1 f 25 3 1 1 f 24 19LiHuWaPeHu.1574
6343.42335 -0.4 15 1 1 f 26 3 1 1 f 25 19LiHuWaPeHu.1575
6343.74235 -3.1 15 1 1 f 27 3 1 1 f 26 19LiHuWaPeHu.1576
6344.03635 -0.3 15 1 1 f 28 3 1 1 f 27 19LiHuWaPeHu.1577
6344.80435 4.2 15 1 1 f 31 3 1 1 f 30 19LiHuWaPeHu.1578
6345.02335 3.3 15 1 1 f 32 3 1 1 f 31 19LiHuWaPeHu.1579
6345.22535 -0.3 15 1 1 f 33 3 1 1 f 32 19LiHuWaPeHu.1580
6345.40435 -0.7 15 1 1 f 34 3 1 1 f 33 19LiHuWaPeHu.1581
6345.57035 -7.9 15 1 1 f 35 3 1 1 f 34 19LiHuWaPeHu.1582
6345.83635 -16.1 15 1 1 f 37 3 1 1 f 36 19LiHuWaPeHu.1583
6346.07935 9.4 15 1 1 f 44 3 1 1 f 43 19LiHuWaPeHu.1584
6346.11235 -1.0 15 1 1 f 43 3 1 1 f 42 19LiHuWaPeHu.1585
6346.11235 1.2 15 1 1 f 42 3 1 1 f 41 19LiHuWaPeHu.1586
6285.45735 -0.7 15 3 1 e 34 3 3 1 e 35 19LiHuWaPeHu.1587
6292.75935 -15.1 15 3 1 e 29 3 3 1 e 30 19LiHuWaPeHu.1588
6294.15335 -9.2 15 3 1 e 28 3 3 1 e 29 19LiHuWaPeHu.1589
6295.52435 0.6 15 3 1 e 27 3 3 1 e 28 19LiHuWaPeHu.1590
6296.88735 -0.8 15 3 1 e 26 3 3 1 e 27 19LiHuWaPeHu.1591
6298.22835 0.6 15 3 1 e 25 3 3 1 e 26 19LiHuWaPeHu.1592
6299.55235 -0.3 15 3 1 e 24 3 3 1 e 25 19LiHuWaPeHu.1593
6303.40635 -0.2 15 3 1 e 21 3 3 1 e 22 19LiHuWaPeHu.1594
6304.65335 -0.9 15 3 1 e 20 3 3 1 e 21 19LiHuWaPeHu.1595
6305.87935 0.1 15 3 1 e 19 3 3 1 e 20 19LiHuWaPeHu.1596
6307.08735 -0.2 15 3 1 e 18 3 3 1 e 19 19LiHuWaPeHu.1597
6309.44535 -0.4 15 3 1 e 16 3 3 1 e 17 19LiHuWaPeHu.1598
6310.59635 -1.4 15 3 1 e 15 3 3 1 e 16 19LiHuWaPeHu.1599
6311.72635 -0.7 15 3 1 e 14 3 3 1 e 15 19LiHuWaPeHu.1600
6315.00235 -0.3 15 3 1 e 11 3 3 1 e 12 19LiHuWaPeHu.1601
6316.05535 0.3 15 3 1 e 10 3 3 1 e 11 19LiHuWaPeHu.1602
6317.09035 -0.4 15 3 1 e 9 3 3 1 e 10 19LiHuWaPeHu.1603
6318.10535 -0.4 15 3 1 e 8 3 3 1 e 9 19LiHuWaPeHu.1604
6321.97135 0.6 15 3 1 e 4 3 3 1 e 5 19LiHuWaPeHu.1605
6330.28535 1.0 15 3 1 e 5 3 3 1 e 4 19LiHuWaPeHu.1606
6331.01135 0.0 15 3 1 e 6 3 3 1 e 5 19LiHuWaPeHu.1607
6332.40335 0.0 15 3 1 e 8 3 3 1 e 7 19LiHuWaPeHu.1608
6333.07135 -1.0 15 3 1 e 9 3 3 1 e 8 19LiHuWaPeHu.1609
6333.71735 0.6 15 3 1 e 10 3 3 1 e 9 19LiHuWaPeHu.1610
6334.34535 0.8 15 3 1 e 11 3 3 1 e 10 19LiHuWaPeHu.1611
6334.95535 -0.4 15 3 1 e 12 3 3 1 e 11 19LiHuWaPeHu.1612
6335.54235 2.1 15 3 1 e 13 3 3 1 e 12 19LiHuWaPeHu.1613
6337.19635 0.2 15 3 1 e 16 3 3 1 e 15 19LiHuWaPeHu.1614
6337.70735 1.1 15 3 1 e 17 3 3 1 e 16 19LiHuWaPeHu.1615
6338.20135 -0.4 15 3 1 e 18 3 3 1 e 17 19LiHuWaPeHu.1616
6338.67335 0.8 15 3 1 e 19 3 3 1 e 18 19LiHuWaPeHu.1617
6339.56235 -0.1 15 3 1 e 21 3 3 1 e 20 19LiHuWaPeHu.1618
6339.97635 0.9 15 3 1 e 22 3 3 1 e 21 19LiHuWaPeHu.1619
6340.37235 0.4 15 3 1 e 23 3 3 1 e 22 19LiHuWaPeHu.1620
6341.10735 -1.7 15 3 1 e 25 3 3 1 e 24 19LiHuWaPeHu.1621
6341.44335 -0.3 15 3 1 e 26 3 3 1 e 25 19LiHuWaPeHu.1622
6342.05735 2.2 15 3 1 e 28 3 3 1 e 27 19LiHuWaPeHu.1623
6343.44335 -0.2 15 3 1 e 34 3 3 1 e 33 19LiHuWaPeHu.1624
6343.87335 -0.4 15 3 1 e 37 3 3 1 e 36 19LiHuWaPeHu.1625
6344.06235 0.0 15 3 1 e 39 3 3 1 e 38 19LiHuWaPeHu.1626
6344.12835 -0.4 15 3 1 e 40 3 3 1 e 39 19LiHuWaPeHu.1627
6344.17335 0.8 15 3 1 e 41 3 3 1 e 40 19LiHuWaPeHu.1628
6285.45735 -0.7 15 3 1 f 34 3 3 1 f 35 19LiHuWaPeHu.1629
6292.75935 -15.1 15 3 1 f 29 3 3 1 f 30 19LiHuWaPeHu.1630
6294.15335 -9.2 15 3 1 f 28 3 3 1 f 29 19LiHuWaPeHu.1631
6295.52435 0.6 15 3 1 f 27 3 3 1 f 28 19LiHuWaPeHu.1632
6296.88735 -0.8 15 3 1 f 26 3 3 1 f 27 19LiHuWaPeHu.1633
6298.22835 0.6 15 3 1 f 25 3 3 1 f 26 19LiHuWaPeHu.1634
6299.55235 -0.3 15 3 1 f 24 3 3 1 f 25 19LiHuWaPeHu.1635
6303.40635 -0.2 15 3 1 f 21 3 3 1 f 22 19LiHuWaPeHu.1636
6304.65335 -0.9 15 3 1 f 20 3 3 1 f 21 19LiHuWaPeHu.1637
6305.87935 0.1 15 3 1 f 19 3 3 1 f 20 19LiHuWaPeHu.1638
6307.08735 -0.2 15 3 1 f 18 3 3 1 f 19 19LiHuWaPeHu.1639
6309.44535 -0.4 15 3 1 f 16 3 3 1 f 17 19LiHuWaPeHu.1640
6310.59635 -1.4 15 3 1 f 15 3 3 1 f 16 19LiHuWaPeHu.1641
6311.72635 -0.7 15 3 1 f 14 3 3 1 f 15 19LiHuWaPeHu.1642
6315.00235 -0.3 15 3 1 f 11 3 3 1 f 12 19LiHuWaPeHu.1643
6316.05535 0.3 15 3 1 f 10 3 3 1 f 11 19LiHuWaPeHu.1644
6317.09035 -0.4 15 3 1 f 9 3 3 1 f 10 19LiHuWaPeHu.1645
6318.10535 -0.4 15 3 1 f 8 3 3 1 f 9 19LiHuWaPeHu.1646
6321.97135 0.6 15 3 1 f 4 3 3 1 f 5 19LiHuWaPeHu.1647
6330.28535 1.0 15 3 1 f 5 3 3 1 f 4 19LiHuWaPeHu.1648
6331.01135 0.0 15 3 1 f 6 3 3 1 f 5 19LiHuWaPeHu.1649
6332.40335 0.0 15 3 1 f 8 3 3 1 f 7 19LiHuWaPeHu.1650
6333.07135 -1.0 15 3 1 f 9 3 3 1 f 8 19LiHuWaPeHu.1651
6333.71735 0.6 15 3 1 f 10 3 3 1 f 9 19LiHuWaPeHu.1652
6334.34535 0.8 15 3 1 f 11 3 3 1 f 10 19LiHuWaPeHu.1653
6334.95535 -0.4 15 3 1 f 12 3 3 1 f 11 19LiHuWaPeHu.1654
6335.54235 2.1 15 3 1 f 13 3 3 1 f 12 19LiHuWaPeHu.1655
6337.19635 0.2 15 3 1 f 16 3 3 1 f 15 19LiHuWaPeHu.1656
6337.70735 1.1 15 3 1 f 17 3 3 1 f 16 19LiHuWaPeHu.1657
6338.20135 -0.4 15 3 1 f 18 3 3 1 f 17 19LiHuWaPeHu.1658
6338.67335 0.8 15 3 1 f 19 3 3 1 f 18 19LiHuWaPeHu.1659
6339.56235 -0.1 15 3 1 f 21 3 3 1 f 20 19LiHuWaPeHu.1660
6339.97635 0.9 15 3 1 f 22 3 3 1 f 21 19LiHuWaPeHu.1661
6340.37235 0.4 15 3 1 f 23 3 3 1 f 22 19LiHuWaPeHu.1662
6341.10735 -1.7 15 3 1 f 25 3 3 1 f 24 19LiHuWaPeHu.1663
6341.44335 -0.3 15 3 1 f 26 3 3 1 f 25 19LiHuWaPeHu.1664
6342.05735 2.2 15 3 1 f 28 3 3 1 f 27 19LiHuWaPeHu.1665
6343.44335 -0.2 15 3 1 f 34 3 3 1 f 33 19LiHuWaPeHu.1666
6343.87335 -0.4 15 3 1 f 37 3 3 1 f 36 19LiHuWaPeHu.1667
6344.06235 0.0 15 3 1 f 39 3 3 1 f 38 19LiHuWaPeHu.1668
6344.12835 -0.4 15 3 1 f 40 3 3 1 f 39 19LiHuWaPeHu.1669
6344.17335 0.8 15 3 1 f 41 3 3 1 f 40 19LiHuWaPeHu.1670
6280.22635 -1.9 16 2 4 e 10 4 2 2 e 11 19LiHuWaPeHu.1671
6283.26335 -2.2 16 2 4 e 7 4 2 2 e 8 19LiHuWaPeHu.1672
6286.12335 -1.1 16 2 4 e 4 4 2 2 e 5 19LiHuWaPeHu.1673
6293.64835 2.9 16 2 4 e 4 4 2 2 e 3 19LiHuWaPeHu.1674
6297.15035 -0.6 16 2 4 e 9 4 2 2 e 8 19LiHuWaPeHu.1675
6297.78635 4.4 16 2 4 e 10 4 2 2 e 9 19LiHuWaPeHu.1676
6298.41235 -0.2 16 2 4 e 11 4 2 2 e 10 19LiHuWaPeHu.1677
6299.01635 -2.4 16 2 4 e 12 4 2 2 e 11 19LiHuWaPeHu.1678
6300.16235 -3.5 16 2 4 e 14 4 2 2 e 13 19LiHuWaPeHu.1679
6300.69935 2.6 16 2 4 e 15 4 2 2 e 14 19LiHuWaPeHu.1680
6302.67535 2.7 16 2 4 e 19 4 2 2 e 18 19LiHuWaPeHu.1681
6303.54735 1.2 16 2 4 e 21 4 2 2 e 20 19LiHuWaPeHu.1682
6305.69035 -1.4 16 2 4 e 27 4 2 2 e 26 19LiHuWaPeHu.1683
6306.24535 0.0 16 2 4 e 29 4 2 2 e 28 19LiHuWaPeHu.1684
6306.49635 -2.2 16 2 4 e 30 4 2 2 e 29 19LiHuWaPeHu.1685
6307.28935 3.6 16 2 4 e 34 4 2 2 e 33 19LiHuWaPeHu.1686
6307.44535 -1.9 16 2 4 e 35 4 2 2 e 34 19LiHuWaPeHu.1687
6466.02992 5.6 16 0 2 e 2 4 0 2 e 1 19LiHuWaPeHu.1688
6466.83992 6.7 16 0 2 e 3 4 0 2 e 2 19LiHuWaPeHu.1689
6467.63292 14.5 16 0 2 e 4 4 0 2 e 3 19LiHuWaPeHu.1690
6468.42792 10.2 16 0 2 e 5 4 0 2 e 4 19LiHuWaPeHu.1691
6469.21492 3.6 16 0 2 e 6 4 0 2 e 5 19LiHuWaPeHu.1692
6469.98792 0.7 16 0 2 e 7 4 0 2 e 6 19LiHuWaPeHu.1693
6470.74692 1.4 16 0 2 e 8 4 0 2 e 7 19LiHuWaPeHu.1694
6471.49692 0.6 16 0 2 e 9 4 0 2 e 8 19LiHuWaPeHu.1695
6472.23592 0.2 16 0 2 e 10 4 0 2 e 9 19LiHuWaPeHu.1696
6472.96592 -1.7 16 0 2 e 11 4 0 2 e 10 19LiHuWaPeHu.1697
6473.68492 -3.4 16 0 2 e 12 4 0 2 e 11 19LiHuWaPeHu.1698
6474.38992 -1.9 16 0 2 e 13 4 0 2 e 12 19LiHuWaPeHu.1699
6475.08492 -1.3 16 0 2 e 14 4 0 2 e 13 19LiHuWaPeHu.1700
6475.76892 -0.7 16 0 2 e 15 4 0 2 e 14 19LiHuWaPeHu.1701
6476.44292 -1.2 16 0 2 e 16 4 0 2 e 15 19LiHuWaPeHu.1702
6477.10592 -1.9 16 0 2 e 17 4 0 2 e 16 19LiHuWaPeHu.1703
6477.75492 0.2 16 0 2 e 18 4 0 2 e 17 19LiHuWaPeHu.1704
6478.39492 -0.2 16 0 2 e 19 4 0 2 e 18 19LiHuWaPeHu.1705
6479.02192 0.9 16 0 2 e 20 4 0 2 e 19 19LiHuWaPeHu.1706
6479.63692 2.5 16 0 2 e 21 4 0 2 e 20 19LiHuWaPeHu.1707
6480.24392 0.5 16 0 2 e 22 4 0 2 e 21 19LiHuWaPeHu.1708
6480.83692 0.7 16 0 2 e 23 4 0 2 e 22 19LiHuWaPeHu.1709
6481.41792 1.1 16 0 2 e 24 4 0 2 e 23 19LiHuWaPeHu.1710
6481.98692 1.7 16 0 2 e 25 4 0 2 e 24 19LiHuWaPeHu.1711
6482.54492 1.5 16 0 2 e 26 4 0 2 e 25 19LiHuWaPeHu.1712
6483.09192 0.4 16 0 2 e 27 4 0 2 e 26 19LiHuWaPeHu.1713
6483.62592 0.3 16 0 2 e 28 4 0 2 e 27 19LiHuWaPeHu.1714
6484.14892 -0.6 16 0 2 e 29 4 0 2 e 28 19LiHuWaPeHu.1715
6484.65792 0.6 16 0 2 e 30 4 0 2 e 29 19LiHuWaPeHu.1716
6485.15992 -2.9 16 0 2 e 31 4 0 2 e 30 19LiHuWaPeHu.1717
6485.64592 -2.2 16 0 2 e 32 4 0 2 e 31 19LiHuWaPeHu.1718
6486.12192 -3.2 16 0 2 e 33 4 0 2 e 32 19LiHuWaPeHu.1719
6486.57892 3.5 16 0 2 e 34 4 0 2 e 33 19LiHuWaPeHu.1720
6487.47492 0.9 16 0 2 e 36 4 0 2 e 35 19LiHuWaPeHu.1721
6292.20635 pert 11 1 1 e 62 0 0 1 e 63 19LiHuWaPeHu.1722
6298.72635 pert 11 1 1 e 58 0 0 1 e 59 19LiHuWaPeHu.1723
6303.46635 pert 11 1 1 e 55 0 0 1 e 56 19LiHuWaPeHu.1724
6309.59935 pert 11 1 1 e 51 0 0 1 e 52 19LiHuWaPeHu.1725
6315.51835 pert 11 1 1 e 47 0 0 1 e 48 19LiHuWaPeHu.1726
6316.96535 pert 11 1 1 e 46 0 0 1 e 47 19LiHuWaPeHu.1727
6318.40735 pert 11 1 1 e 45 0 0 1 e 46 19LiHuWaPeHu.1728
6319.82435 pert 11 1 1 e 44 0 0 1 e 45 19LiHuWaPeHu.1729
6333.29935 pert 11 1 1 e 34 0 0 1 e 35 19LiHuWaPeHu.1730
6341.93735 pert 11 1 1 e 27 0 0 1 e 28 19LiHuWaPeHu.1731
6345.44335 pert 11 1 1 e 24 0 0 1 e 25 19LiHuWaPeHu.1732
6346.59435 pert 11 1 1 e 23 0 0 1 e 24 19LiHuWaPeHu.1733
6347.72835 pert 11 1 1 e 22 0 0 1 e 23 19LiHuWaPeHu.1734
6348.83635 pert 11 1 1 e 21 0 0 1 e 22 19LiHuWaPeHu.1735
6352.11335 pert 11 1 1 e 18 0 0 1 e 19 19LiHuWaPeHu.1736
6355.26235 pert 11 1 1 e 15 0 0 1 e 16 19LiHuWaPeHu.1737
6357.31235 pert 11 1 1 e 13 0 0 1 e 14 19LiHuWaPeHu.1738
6358.31035 pert 11 1 1 e 12 0 0 1 e 13 19LiHuWaPeHu.1739
6359.28135 pert 11 1 1 e 11 0 0 1 e 12 19LiHuWaPeHu.1740
6364.92235 pert 11 1 1 e 5 0 0 1 e 6 19LiHuWaPeHu.1741
6367.57735 pert 11 1 1 e 2 0 0 1 e 3 19LiHuWaPeHu.1742
6372.56235 pert 11 1 1 e 3 0 0 1 e 2 19LiHuWaPeHu.1743
6374.91535 pert 11 1 1 e 6 0 0 1 e 5 19LiHuWaPeHu.1744
6377.13235 pert 11 1 1 e 9 0 0 1 e 8 19LiHuWaPeHu.1745
6377.85735 pert 11 1 1 e 10 0 0 1 e 9 19LiHuWaPeHu.1746
6379.24435 pert 11 1 1 e 12 0 0 1 e 11 19LiHuWaPeHu.1747
6379.92135 pert 11 1 1 e 13 0 0 1 e 12 19LiHuWaPeHu.1748
6383.70335 pert 11 1 1 e 19 0 0 1 e 18 19LiHuWaPeHu.1749
6384.28335 pert 11 1 1 e 20 0 0 1 e 19 19LiHuWaPeHu.1750
6385.40935 pert 11 1 1 e 22 0 0 1 e 21 19LiHuWaPeHu.1751
6386.48635 pert 11 1 1 e 24 0 0 1 e 23 19LiHuWaPeHu.1752
6388.93435 pert 11 1 1 e 29 0 0 1 e 28 19LiHuWaPeHu.1753
6391.42835 pert 11 1 1 e 35 0 0 1 e 34 19LiHuWaPeHu.1754
6392.17135 pert 11 1 1 e 37 0 0 1 e 36 19LiHuWaPeHu.1755
6393.14635 pert 11 1 1 e 40 0 0 1 e 39 19LiHuWaPeHu.1756
6394.27635 pert 11 1 1 e 44 0 0 1 e 43 19LiHuWaPeHu.1757
