8326.1854 0.001 14 0 14 e 31 0 0 1 e 32 21KaKaTaCa.1
8327.7507 0.001 14 0 14 e 30 0 0 1 e 31 21KaKaTaCa.2
8330.8126 0.001 14 0 14 e 28 0 0 1 e 29 21KaKaTaCa.3
8339.4444 0.001 14 0 14 e 22 0 0 1 e 23 21KaKaTaCa.4
8340.8017 0.001 14 0 14 e 21 0 0 1 e 22 21KaKaTaCa.5
8342.1357 0.001 14 0 14 e 20 0 0 1 e 21 21KaKaTaCa.6
8343.4464 0.001 14 0 14 e 19 0 0 1 e 20 21KaKaTaCa.7
8344.7336 0.001 14 0 14 e 18 0 0 1 e 19 21KaKaTaCa.8
8347.2376 0.001 14 0 14 e 16 0 0 1 e 17 21KaKaTaCa.9
8348.4543 0.001 14 0 14 e 15 0 0 1 e 16 21KaKaTaCa.10
8349.6475 0.001 14 0 14 e 14 0 0 1 e 15 21KaKaTaCa.11
8350.8170 0.001 14 0 14 e 13 0 0 1 e 14 21KaKaTaCa.12
8353.0852 0.001 14 0 14 e 11 0 0 1 e 12 21KaKaTaCa.13
8354.1838 0.001 14 0 14 e 10 0 0 1 e 11 21KaKaTaCa.14
8355.2586 0.001 14 0 14 e 9 0 0 1 e 10 21KaKaTaCa.15
8356.3097 0.001 14 0 14 e 8 0 0 1 e 9 21KaKaTaCa.16
8357.3369 0.001 14 0 14 e 7 0 0 1 e 8 21KaKaTaCa.17
8358.3403 0.001 14 0 14 e 6 0 0 1 e 7 21KaKaTaCa.18
8359.3199 0.001 14 0 14 e 5 0 0 1 e 6 21KaKaTaCa.19
8360.2756 0.001 14 0 14 e 4 0 0 1 e 5 21KaKaTaCa.20
8361.2075 0.001 14 0 14 e 3 0 0 1 e 4 21KaKaTaCa.21
8362.1157 0.001 14 0 14 e 2 0 0 1 e 3 21KaKaTaCa.22
8363.0004 0.001 14 0 14 e 1 0 0 1 e 2 21KaKaTaCa.23
8366.3055 0.001 14 0 14 e 2 0 0 1 e 1 21KaKaTaCa.24
8367.8172 0.001 14 0 14 e 4 0 0 1 e 3 21KaKaTaCa.25
8368.5373 0.001 14 0 14 e 5 0 0 1 e 4 21KaKaTaCa.26
8369.9058 0.001 14 0 14 e 7 0 0 1 e 6 21KaKaTaCa.27
8371.1787 0.001 14 0 14 e 9 0 0 1 e 8 21KaKaTaCa.28
8371.7794 0.001 14 0 14 e 10 0 0 1 e 9 21KaKaTaCa.29
8372.3562 0.001 14 0 14 e 11 0 0 1 e 10 21KaKaTaCa.30
8372.9093 0.001 14 0 14 e 12 0 0 1 e 11 21KaKaTaCa.31
8373.4385 0.001 14 0 14 e 13 0 0 1 e 12 21KaKaTaCa.32
8373.9441 0.001 14 0 14 e 14 0 0 1 e 13 21KaKaTaCa.33
8374.4259 0.001 14 0 14 e 15 0 0 1 e 14 21KaKaTaCa.34
8375.3184 0.001 14 0 14 e 17 0 0 1 e 16 21KaKaTaCa.35
8375.7292 0.001 14 0 14 e 18 0 0 1 e 17 21KaKaTaCa.36
8376.1164 0.001 14 0 14 e 19 0 0 1 e 18 21KaKaTaCa.37
8376.4800 0.001 14 0 14 e 20 0 0 1 e 19 21KaKaTaCa.38
8376.6490 0.001 14 0 14 e 50 0 0 1 e 49 21KaKaTaCa.39
8376.8201 0.001 14 0 14 e 21 0 0 1 e 20 21KaKaTaCa.40
8377.1366 0.001 14 0 14 e 22 0 0 1 e 21 21KaKaTaCa.41
8377.2664 0.001 14 0 14 e 48 0 0 1 e 47 21KaKaTaCa.42
8377.4296 0.001 14 0 14 e 23 0 0 1 e 22 21KaKaTaCa.43
8377.5426 0.001 14 0 14 e 47 0 0 1 e 46 21KaKaTaCa.44
8377.6992 0.001 14 0 14 e 24 0 0 1 e 23 21KaKaTaCa.45
8377.7970 0.001 14 0 14 e 46 0 0 1 e 45 21KaKaTaCa.46
8377.9454 0.001 14 0 14 e 25 0 0 1 e 24 21KaKaTaCa.47
8378.1682 0.001 14 0 14 e 26 0 0 1 e 25 21KaKaTaCa.48
8378.3676 0.001 14 0 14 e 27 0 0 1 e 26 21KaKaTaCa.49
8378.5438 0.001 14 0 14 e 28 0 0 1 e 27 21KaKaTaCa.50
8378.5947 0.001 14 0 14 e 42 0 0 1 e 41 21KaKaTaCa.51
8378.6967 0.001 14 0 14 e 29 0 0 1 e 28 21KaKaTaCa.52
8378.9330 0.001 14 0 14 e 31 0 0 1 e 30 21KaKaTaCa.53
8379.0164 0.001 14 0 14 e 32 0 0 1 e 31 21KaKaTaCa.54
8379.1143 0.001 14 0 14 e 34 0 0 1 e 33 21KaKaTaCa.55
8379.1288 0.001 14 0 14 e 35 0 0 1 e 34 21KaKaTaCa.56
8416.5696 0.001 17 1 1 f 46 1 1 1 f 47 21KaKaTaCa.57
8416.7642 0.001 17 1 1 e 46 1 1 1 e 47 21KaKaTaCa.58
8418.6220 0.001 17 1 1 f 45 1 1 1 f 46 21KaKaTaCa.59
8420.8295 0.001 17 1 1 e 44 1 1 1 e 45 21KaKaTaCa.60
8422.6482 0.001 17 1 1 f 43 1 1 1 f 44 21KaKaTaCa.61
8422.8229 0.001 17 1 1 e 43 1 1 1 e 44 21KaKaTaCa.62
8424.6219 0.001 17 1 1 f 42 1 1 1 f 43 21KaKaTaCa.63
8424.7902 0.001 17 1 1 e 42 1 1 1 e 43 21KaKaTaCa.64
8426.5693 0.001 17 1 1 f 41 1 1 1 f 42 21KaKaTaCa.65
8426.7314 0.001 17 1 1 e 41 1 1 1 e 42 21KaKaTaCa.66
8428.4905 0.001 17 1 1 f 40 1 1 1 f 41 21KaKaTaCa.67
8428.6464 0.001 17 1 1 e 40 1 1 1 e 41 21KaKaTaCa.68
8430.3854 0.001 17 1 1 f 39 1 1 1 f 40 21KaKaTaCa.69
8432.2541 0.001 17 1 1 f 38 1 1 1 f 39 21KaKaTaCa.70
8432.3980 0.001 17 1 1 e 38 1 1 1 e 39 21KaKaTaCa.71
8434.0965 0.001 17 1 1 f 37 1 1 1 f 38 21KaKaTaCa.72
8434.2346 0.001 17 1 1 e 37 1 1 1 e 38 21KaKaTaCa.73
8435.9126 0.001 17 1 1 f 36 1 1 1 f 37 21KaKaTaCa.74
8436.0450 0.001 17 1 1 e 36 1 1 1 e 37 21KaKaTaCa.75
8437.7024 0.001 17 1 1 f 35 1 1 1 f 36 21KaKaTaCa.76
8437.8292 0.001 17 1 1 e 35 1 1 1 e 36 21KaKaTaCa.77
8439.4659 0.001 17 1 1 f 34 1 1 1 f 35 21KaKaTaCa.78
8439.5873 0.001 17 1 1 e 34 1 1 1 e 35 21KaKaTaCa.79
8441.2031 0.001 17 1 1 f 33 1 1 1 f 34 21KaKaTaCa.80
8441.3191 0.001 17 1 1 e 33 1 1 1 e 34 21KaKaTaCa.81
8442.9141 0.001 17 1 1 f 32 1 1 1 f 33 21KaKaTaCa.82
8443.0248 0.001 17 1 1 e 32 1 1 1 e 33 21KaKaTaCa.83
8444.5987 0.001 17 1 1 f 31 1 1 1 f 32 21KaKaTaCa.84
8444.7043 0.001 17 1 1 e 31 1 1 1 e 32 21KaKaTaCa.85
8445.9079 0.001 16 0 1 e 57 0 0 1 e 58 21KaKaTaCa.86
8446.2569 0.001 17 1 1 f 30 1 1 1 f 31 21KaKaTaCa.87
8447.8889 0.001 17 1 1 f 29 1 1 1 f 30 21KaKaTaCa.88
8447.9846 0.001 17 1 1 e 29 1 1 1 e 30 21KaKaTaCa.89
8449.4945 0.001 17 1 1 f 28 1 1 1 f 29 21KaKaTaCa.90
8449.5854 0.001 17 1 1 e 28 1 1 1 e 29 21KaKaTaCa.91
8451.1600 0.001 17 1 1 e 27 1 1 1 e 28 21KaKaTaCa.92
8452.6267 0.001 17 1 1 f 26 1 1 1 f 27 21KaKaTaCa.93
8452.7084 0.001 17 1 1 e 26 1 1 1 e 27 21KaKaTaCa.94
8454.1533 0.001 17 1 1 f 25 1 1 1 f 26 21KaKaTaCa.95
8454.2306 0.001 17 1 1 e 25 1 1 1 e 26 21KaKaTaCa.96
8455.6536 0.001 17 1 1 f 24 1 1 1 f 25 21KaKaTaCa.97
8455.7265 0.001 17 1 1 e 24 1 1 1 e 25 21KaKaTaCa.98
8457.1275 0.001 17 1 1 f 23 1 1 1 f 24 21KaKaTaCa.99
8457.1961 0.001 17 1 1 e 23 1 1 1 e 24 21KaKaTaCa.100
8457.4051 0.001 16 0 1 e 52 0 0 1 e 53 21KaKaTaCa.101
8458.5750 0.001 17 1 1 f 22 1 1 1 f 23 21KaKaTaCa.102
8459.6253 0.001 16 0 1 e 51 0 0 1 e 52 21KaKaTaCa.103
8459.9962 0.001 17 1 1 f 21 1 1 1 f 22 21KaKaTaCa.104
8461.3909 0.001 17 1 1 f 20 1 1 1 f 21 21KaKaTaCa.105
8462.7593 0.001 17 1 1 f 19 1 1 1 f 20 21KaKaTaCa.106
8462.8122 0.001 17 1 1 e 19 1 1 1 e 20 21KaKaTaCa.107
8464.1014 0.001 17 1 1 f 18 1 1 1 f 19 21KaKaTaCa.108
8464.1505 0.001 17 1 1 e 18 1 1 1 e 19 21KaKaTaCa.109
8465.4170 0.001 17 1 1 f 17 1 1 1 f 18 21KaKaTaCa.110
8465.4626 0.001 17 1 1 e 17 1 1 1 e 18 21KaKaTaCa.111
8466.7062 0.001 17 1 1 f 16 1 1 1 f 17 21KaKaTaCa.112
8466.7484 0.001 17 1 1 e 16 1 1 1 e 17 21KaKaTaCa.113
8468.0079 0.001 17 1 1 e 15 1 1 1 e 16 21KaKaTaCa.114
8468.2417 0.001 16 0 1 e 47 0 0 1 e 48 21KaKaTaCa.115
8469.2055 0.001 17 1 1 f 14 1 1 1 f 15 21KaKaTaCa.116
8469.2411 0.001 17 1 1 e 14 1 1 1 e 15 21KaKaTaCa.117
8470.3297 0.001 16 0 1 e 46 0 0 1 e 47 21KaKaTaCa.118
8470.4155 0.001 17 1 1 f 13 1 1 1 f 14 21KaKaTaCa.119
8470.4480 0.001 17 1 1 e 13 1 1 1 e 14 21KaKaTaCa.120
8471.5991 0.001 17 1 1 f 12 1 1 1 f 13 21KaKaTaCa.121
8471.6285 0.001 17 1 1 e 12 1 1 1 e 13 21KaKaTaCa.122
8472.3913 0.001 16 0 1 e 45 0 0 1 e 46 21KaKaTaCa.123
8472.7563 0.001 17 1 1 f 11 1 1 1 f 12 21KaKaTaCa.124
8472.7828 0.001 17 1 1 e 11 1 1 1 e 12 21KaKaTaCa.125
8473.8871 0.001 17 1 1 f 10 1 1 1 f 11 21KaKaTaCa.126
8473.9108 0.001 17 1 1 e 10 1 1 1 e 11 21KaKaTaCa.127
8474.4263 0.001 16 0 1 e 44 0 0 1 e 45 21KaKaTaCa.128
8476.0694 0.001 17 1 1 f 8 1 1 1 f 9 21KaKaTaCa.129
8476.0878 0.001 17 1 1 e 8 1 1 1 e 9 21KaKaTaCa.130
8476.4349 0.001 16 0 1 e 43 0 0 1 e 44 21KaKaTaCa.131
8477.1208 0.001 17 1 1 f 7 1 1 1 f 8 21KaKaTaCa.132
8477.1368 0.001 17 1 1 e 7 1 1 1 e 8 21KaKaTaCa.133
8478.1459 0.001 17 1 1 f 6 1 1 1 f 7 21KaKaTaCa.134
8478.4170 0.001 16 0 1 e 42 0 0 1 e 43 21KaKaTaCa.135
8479.1445 0.001 17 1 1 f 5 1 1 1 f 6 21KaKaTaCa.136
8479.1558 0.001 17 1 1 e 5 1 1 1 e 6 21KaKaTaCa.137
8480.1166 0.001 17 1 1 f 4 1 1 1 f 5 21KaKaTaCa.138
8480.3726 0.001 16 0 1 e 41 0 0 1 e 42 21KaKaTaCa.139
8481.0623 0.001 17 1 1 f 3 1 1 1 f 4 21KaKaTaCa.140
8481.0694 0.001 17 1 1 e 3 1 1 1 e 4 21KaKaTaCa.141
8481.9815 0.001 17 1 1 f 2 1 1 1 f 3 21KaKaTaCa.142
8481.9867 0.001 17 1 1 e 2 1 1 1 e 3 21KaKaTaCa.143
8482.3018 0.001 16 0 1 e 40 0 0 1 e 41 21KaKaTaCa.144
8486.0805 0.001 16 0 1 e 38 0 0 1 e 39 21KaKaTaCa.145
8486.9369 0.001 17 1 1 e 3 1 1 1 e 2 21KaKaTaCa.146
8486.9411 0.001 17 1 1 f 3 1 1 1 f 2 21KaKaTaCa.147
8487.6696 0.001 17 1 1 e 4 1 1 1 e 3 21KaKaTaCa.148
8487.6750 0.001 17 1 1 f 4 1 1 1 f 3 21KaKaTaCa.149
8489.0559 0.001 17 1 1 e 6 1 1 1 e 5 21KaKaTaCa.150
8489.0633 0.001 17 1 1 f 6 1 1 1 f 5 21KaKaTaCa.151
8489.7094 0.001 17 1 1 e 7 1 1 1 e 6 21KaKaTaCa.152
8489.7178 0.001 17 1 1 f 7 1 1 1 f 6 21KaKaTaCa.153
8490.3366 0.001 17 1 1 e 8 1 1 1 e 7 21KaKaTaCa.154
8490.3457 0.001 17 1 1 f 8 1 1 1 f 7 21KaKaTaCa.155
8490.9373 0.001 17 1 1 e 9 1 1 1 e 8 21KaKaTaCa.156
8490.9471 0.001 17 1 1 f 9 1 1 1 f 8 21KaKaTaCa.157
8491.5117 0.001 17 1 1 e 10 1 1 1 e 9 21KaKaTaCa.158
8492.0596 0.001 17 1 1 e 11 1 1 1 e 10 21KaKaTaCa.159
8492.0703 0.001 17 1 1 f 11 1 1 1 f 10 21KaKaTaCa.160
8492.7365 0.001 17 1 1 f 50 1 1 1 f 49 21KaKaTaCa.161
8493.0763 0.001 17 1 1 e 13 1 1 1 e 12 21KaKaTaCa.162
8493.2809 0.001 17 1 1 e 49 1 1 1 e 48 21KaKaTaCa.163
8493.3197 0.001 16 0 1 e 34 0 0 1 e 35 21KaKaTaCa.164
8493.5450 0.001 17 1 1 e 14 1 1 1 e 13 21KaKaTaCa.165
8493.9872 0.001 17 1 1 e 15 1 1 1 e 14 21KaKaTaCa.166
8493.9986 0.001 17 1 1 f 15 1 1 1 f 14 21KaKaTaCa.167
8494.1701 0.001 17 1 1 e 47 1 1 1 e 46 21KaKaTaCa.168
8494.4031 0.001 17 1 1 e 16 1 1 1 e 15 21KaKaTaCa.169
8494.4143 0.001 17 1 1 f 16 1 1 1 f 15 21KaKaTaCa.170
8494.5301 0.001 17 1 1 f 46 1 1 1 f 45 21KaKaTaCa.171
8494.5748 0.001 17 1 1 e 46 1 1 1 e 45 21KaKaTaCa.172
8494.7925 0.001 17 1 1 e 17 1 1 1 e 16 21KaKaTaCa.173
8494.9120 0.001 17 1 1 f 45 1 1 1 f 44 21KaKaTaCa.174
8494.9531 0.001 17 1 1 e 45 1 1 1 e 44 21KaKaTaCa.175
8495.0632 0.001 16 0 1 e 33 0 0 1 e 34 21KaKaTaCa.176
8495.1555 0.001 17 1 1 e 18 1 1 1 e 17 21KaKaTaCa.177
8495.1662 0.001 17 1 1 f 18 1 1 1 f 17 21KaKaTaCa.178
8495.4920 0.001 17 1 1 e 19 1 1 1 e 18 21KaKaTaCa.179
8495.5023 0.001 17 1 1 f 19 1 1 1 f 18 21KaKaTaCa.180
8495.5958 0.001 17 1 1 f 43 1 1 1 f 42 21KaKaTaCa.181
8495.8021 0.001 17 1 1 e 20 1 1 1 e 19 21KaKaTaCa.182
8495.8118 0.001 17 1 1 f 20 1 1 1 f 19 21KaKaTaCa.183
8495.8978 0.001 17 1 1 f 42 1 1 1 f 41 21KaKaTaCa.184
8496.0858 0.001 17 1 1 e 21 1 1 1 e 20 21KaKaTaCa.185
8496.0948 0.001 17 1 1 f 21 1 1 1 f 20 21KaKaTaCa.186
8496.3430 0.001 17 1 1 e 22 1 1 1 e 21 21KaKaTaCa.187
8496.3512 0.001 17 1 1 f 22 1 1 1 f 21 21KaKaTaCa.188
8496.4219 0.001 17 1 1 f 40 1 1 1 f 39 21KaKaTaCa.189
8496.4471 0.001 17 1 1 e 40 1 1 1 e 39 21KaKaTaCa.190
8496.5737 0.001 17 1 1 e 23 1 1 1 e 22 21KaKaTaCa.191
8496.5811 0.001 17 1 1 f 23 1 1 1 f 22 21KaKaTaCa.192
8496.6441 0.001 17 1 1 f 39 1 1 1 f 38 21KaKaTaCa.193
8496.6664 0.001 17 1 1 e 39 1 1 1 e 38 21KaKaTaCa.194
8496.7780 0.001 17 1 1 e 24 1 1 1 e 23 21KaKaTaCa.195
8496.7801 0.001 16 0 1 e 32 0 0 1 e 33 21KaKaTaCa.196
8496.7844 0.001 17 1 1 f 24 1 1 1 f 23 21KaKaTaCa.197
8496.8396 0.001 17 1 1 f 38 1 1 1 f 37 21KaKaTaCa.198
8496.8592 0.001 17 1 1 e 38 1 1 1 e 37 21KaKaTaCa.199
8496.9559 0.001 17 1 1 e 25 1 1 1 e 24 21KaKaTaCa.200
8496.9612 0.001 17 1 1 f 25 1 1 1 f 24 21KaKaTaCa.201
8497.0085 0.001 17 1 1 f 37 1 1 1 f 36 21KaKaTaCa.202
8497.0255 0.001 17 1 1 e 37 1 1 1 e 36 21KaKaTaCa.203
8497.1073 0.001 17 1 1 e 26 1 1 1 e 25 21KaKaTaCa.204
8497.1113 0.001 17 1 1 f 26 1 1 1 f 25 21KaKaTaCa.205
8497.2322 0.001 17 1 1 e 27 1 1 1 e 26 21KaKaTaCa.206
8497.2349 0.001 17 1 1 f 27 1 1 1 f 26 21KaKaTaCa.207
8497.2787 0.001 17 1 1 e 35 1 1 1 e 34 21KaKaTaCa.208
8497.3307 0.001 17 1 1 e 28 1 1 1 e 27 21KaKaTaCa.209
8497.3319 0.001 17 1 1 f 28 1 1 1 f 27 21KaKaTaCa.210
8497.4024 0.001 17 1 1 f 29 1 1 1 f 28 21KaKaTaCa.211
8497.4027 0.001 17 1 1 e 29 1 1 1 e 28 21KaKaTaCa.212
8498.4705 0.001 16 0 1 e 31 0 0 1 e 32 21KaKaTaCa.213
8500.1343 0.001 16 0 1 e 30 0 0 1 e 31 21KaKaTaCa.214
8501.7716 0.001 16 0 1 e 29 0 0 1 e 30 21KaKaTaCa.215
8503.3822 0.001 16 0 1 e 28 0 0 1 e 29 21KaKaTaCa.216
8504.9663 0.001 16 0 1 e 27 0 0 1 e 28 21KaKaTaCa.217
8506.5239 0.001 16 0 1 e 26 0 0 1 e 27 21KaKaTaCa.218
8508.0548 0.001 16 0 1 e 25 0 0 1 e 26 21KaKaTaCa.219
8509.5592 0.001 16 0 1 e 24 0 0 1 e 25 21KaKaTaCa.220
8511.0369 0.001 16 0 1 e 23 0 0 1 e 24 21KaKaTaCa.221
8512.4881 0.001 16 0 1 e 22 0 0 1 e 23 21KaKaTaCa.222
8513.9126 0.001 16 0 1 e 21 0 0 1 e 22 21KaKaTaCa.223
8515.3105 0.001 16 0 1 e 20 0 0 1 e 21 21KaKaTaCa.224
8516.6818 0.001 16 0 1 e 19 0 0 1 e 20 21KaKaTaCa.225
8518.0265 0.001 16 0 1 e 18 0 0 1 e 19 21KaKaTaCa.226
8519.3446 0.001 16 0 1 e 17 0 0 1 e 18 21KaKaTaCa.227
8520.6360 0.001 16 0 1 e 16 0 0 1 e 17 21KaKaTaCa.228
8521.9008 0.001 16 0 1 e 15 0 0 1 e 16 21KaKaTaCa.229
8523.1390 0.001 16 0 1 e 14 0 0 1 e 15 21KaKaTaCa.230
8526.6935 0.001 16 0 1 e 11 0 0 1 e 12 21KaKaTaCa.231
8527.8250 0.001 16 0 1 e 10 0 0 1 e 11 21KaKaTaCa.232
8528.9299 0.001 16 0 1 e 9 0 0 1 e 10 21KaKaTaCa.233
8530.0081 0.001 16 0 1 e 8 0 0 1 e 9 21KaKaTaCa.234
8531.0596 0.001 16 0 1 e 7 0 0 1 e 8 21KaKaTaCa.235
8532.0844 0.001 16 0 1 e 6 0 0 1 e 7 21KaKaTaCa.236
8533.0826 0.001 16 0 1 e 5 0 0 1 e 6 21KaKaTaCa.237
8534.0541 0.001 16 0 1 e 4 0 0 1 e 5 21KaKaTaCa.238
8534.9988 0.001 16 0 1 e 3 0 0 1 e 4 21KaKaTaCa.239
8535.9169 0.001 16 0 1 e 2 0 0 1 e 3 21KaKaTaCa.240
8536.8083 0.001 16 0 1 e 1 0 0 1 e 2 21KaKaTaCa.241
8538.9768 0.001 16 0 1 e 61 0 0 1 e 60 21KaKaTaCa.242
8539.7743 0.001 16 0 1 e 60 0 0 1 e 59 21KaKaTaCa.243
8540.1067 0.001 16 0 1 e 2 0 0 1 e 1 21KaKaTaCa.244
8540.5449 0.001 16 0 1 e 59 0 0 1 e 58 21KaKaTaCa.245
8540.8645 0.001 16 0 1 e 3 0 0 1 e 2 21KaKaTaCa.246
8541.2887 0.001 16 0 1 e 58 0 0 1 e 57 21KaKaTaCa.247
8541.5956 0.001 16 0 1 e 4 0 0 1 e 3 21KaKaTaCa.248
8542.2999 0.001 16 0 1 e 5 0 0 1 e 4 21KaKaTaCa.249
8542.9776 0.001 16 0 1 e 6 0 0 1 e 5 21KaKaTaCa.250
8543.3588 0.001 16 0 1 e 55 0 0 1 e 54 21KaKaTaCa.251
8543.6284 0.001 16 0 1 e 7 0 0 1 e 6 21KaKaTaCa.252
8543.9951 0.001 16 0 1 e 54 0 0 1 e 53 21KaKaTaCa.253
8544.2526 0.001 16 0 1 e 8 0 0 1 e 7 21KaKaTaCa.254
8544.6045 0.001 16 0 1 e 53 0 0 1 e 52 21KaKaTaCa.255
8544.8499 0.001 16 0 1 e 9 0 0 1 e 8 21KaKaTaCa.256
8545.4206 0.001 16 0 1 e 10 0 0 1 e 9 21KaKaTaCa.257
8545.9645 0.001 16 0 1 e 11 0 0 1 e 10 21KaKaTaCa.258
8546.4816 0.001 16 0 1 e 12 0 0 1 e 11 21KaKaTaCa.259
8546.7737 0.001 16 0 1 e 49 0 0 1 e 48 21KaKaTaCa.260
8546.9719 0.001 16 0 1 e 13 0 0 1 e 12 21KaKaTaCa.261
8547.2488 0.001 16 0 1 e 48 0 0 1 e 47 21KaKaTaCa.262
8547.4355 0.001 16 0 1 e 14 0 0 1 e 13 21KaKaTaCa.263
8547.6971 0.001 16 0 1 e 47 0 0 1 e 46 21KaKaTaCa.264
8547.8724 0.001 16 0 1 e 15 0 0 1 e 14 21KaKaTaCa.265
8548.1185 0.001 16 0 1 e 46 0 0 1 e 45 21KaKaTaCa.266
8548.2824 0.001 16 0 1 e 16 0 0 1 e 15 21KaKaTaCa.267
8548.5130 0.001 16 0 1 e 45 0 0 1 e 44 21KaKaTaCa.268
8548.6657 0.001 16 0 1 e 17 0 0 1 e 16 21KaKaTaCa.269
8548.8808 0.001 16 0 1 e 44 0 0 1 e 43 21KaKaTaCa.270
8549.0222 0.001 16 0 1 e 18 0 0 1 e 17 21KaKaTaCa.271
8549.2216 0.001 16 0 1 e 43 0 0 1 e 42 21KaKaTaCa.272
8549.3519 0.001 16 0 1 e 19 0 0 1 e 18 21KaKaTaCa.273
8549.5356 0.001 16 0 1 e 42 0 0 1 e 41 21KaKaTaCa.274
8549.6548 0.001 16 0 1 e 20 0 0 1 e 19 21KaKaTaCa.275
8549.8228 0.001 16 0 1 e 41 0 0 1 e 40 21KaKaTaCa.276
8549.9309 0.001 16 0 1 e 21 0 0 1 e 20 21KaKaTaCa.277
8550.0831 0.001 16 0 1 e 40 0 0 1 e 39 21KaKaTaCa.278
8550.1803 0.001 16 0 1 e 22 0 0 1 e 21 21KaKaTaCa.279
8550.3165 0.001 16 0 1 e 39 0 0 1 e 38 21KaKaTaCa.280
8550.4028 0.001 16 0 1 e 23 0 0 1 e 22 21KaKaTaCa.281
8550.5231 0.001 16 0 1 e 38 0 0 1 e 37 21KaKaTaCa.282
8550.5986 0.001 16 0 1 e 24 0 0 1 e 23 21KaKaTaCa.283
8550.7675 0.001 16 0 1 e 25 0 0 1 e 24 21KaKaTaCa.284
8550.8559 0.001 16 0 1 e 36 0 0 1 e 35 21KaKaTaCa.285
8550.9096 0.001 16 0 1 e 26 0 0 1 e 25 21KaKaTaCa.286
8550.9820 0.001 16 0 1 e 35 0 0 1 e 34 21KaKaTaCa.287
8551.0249 0.001 16 0 1 e 27 0 0 1 e 26 21KaKaTaCa.288
8551.0812 0.001 16 0 1 e 34 0 0 1 e 33 21KaKaTaCa.289
8551.1134 0.001 16 0 1 e 28 0 0 1 e 27 21KaKaTaCa.290
8551.1537 0.001 16 0 1 e 33 0 0 1 e 32 21KaKaTaCa.291
8551.1751 0.001 16 0 1 e 29 0 0 1 e 28 21KaKaTaCa.292
