8324.59  14 0 14 e 32 0 0 1 e 33 22KaTaKaCa.1
8326.18  14 0 14 e 31 0 0 1 e 32 22KaTaKaCa.2
8327.75  14 0 14 e 30 0 0 1 e 31 22KaTaKaCa.3
8330.81  14 0 14 e 28 0 0 1 e 29 22KaTaKaCa.4
8333.78  14 0 14 e 26 0 0 1 e 27 22KaTaKaCa.5
8338.77  15 1 16 f 31 1 1 1 f 32 22KaTaKaCa.6
8339.44  14 0 14 e 22 0 0 1 e 23 22KaTaKaCa.7
8340.80  14 0 14 e 21 0 0 1 e 22 22KaTaKaCa.8
8342.13  14 0 14 e 20 0 0 1 e 21 22KaTaKaCa.9
8342.64  15 1 16 e 28 1 1 1 e 29 22KaTaKaCa.10
8343.25  15 1 16 f 28 1 1 1 f 29 22KaTaKaCa.11
8343.44  14 0 14 e 19 0 0 1 e 20 22KaTaKaCa.12
8344.14  15 1 16 e 27 1 1 1 e 28 22KaTaKaCa.13
8344.73  14 0 14 e 18 0 0 1 e 19 22KaTaKaCa.14
8345.61  15 1 16 e 26 1 1 1 e 27 22KaTaKaCa.15
8347.54  15 1 16 f 25 1 1 1 f 26 22KaTaKaCa.16
8348.45  14 0 14 e 15 0 0 1 e 16 22KaTaKaCa.17
8348.92  15 1 16 f 24 1 1 1 f 25 22KaTaKaCa.18
8349.89  15 1 16 e 23 1 1 1 e 24 22KaTaKaCa.19
8350.29  15 1 16 f 23 1 1 1 f 24 22KaTaKaCa.20
8350.82  14 0 14 e 13 0 0 1 e 14 22KaTaKaCa.21
8351.27  15 1 16 e 22 1 1 1 e 23 22KaTaKaCa.22
8352.63  15 1 16 e 21 1 1 1 e 22 22KaTaKaCa.23
8352.96  15 1 16 f 21 1 1 1 f 22 22KaTaKaCa.24
8353.08  14 0 14 e 11 0 0 1 e 12 22KaTaKaCa.25
8354.18  14 0 14 e 10 0 0 1 e 11 22KaTaKaCa.26
8355.26  14 0 14 e 9 0 0 1 e 10 22KaTaKaCa.27
8355.54  15 1 16 f 19 1 1 1 f 20 22KaTaKaCa.28
8356.31  14 0 14 e 8 0 0 1 e 9 22KaTaKaCa.29
8356.79  15 1 16 f 18 1 1 1 f 19 22KaTaKaCa.30
8357.34  14 0 14 e 7 0 0 1 e 8 22KaTaKaCa.31
8357.82  15 1 16 e 17 1 1 1 e 18 22KaTaKaCa.32
8358.03  15 1 16 f 17 1 1 1 f 18 22KaTaKaCa.33
8358.34  14 0 14 e 6 0 0 1 e 7 22KaTaKaCa.34
8359.06  15 1 16 e 16 1 1 1 e 17 22KaTaKaCa.35
8360.27  14 0 14 e 4 0 0 1 e 5 22KaTaKaCa.36
8361.20  14 0 14 e 3 0 0 1 e 4 22KaTaKaCa.37
8361.47  15 1 16 e 14 1 1 1 e 15 22KaTaKaCa.38
8362.11  14 0 14 e 2 0 0 1 e 3 22KaTaKaCa.39
8362.64  15 1 16 e 13 1 1 1 e 14 22KaTaKaCa.40
8363.00  14 0 14 e 1 0 0 1 e 2 22KaTaKaCa.41
8373.29  18 2 2 f 41 2 2 1 f 42 22KaTaKaCa.42
8375.20  18 2 2 e 40 2 2 1 e 41 22KaTaKaCa.43
8394.25  18 0 1 e 30 2 0 1 e 31 22KaTaKaCa.44
8394.46  18 2 2 e 29 2 2 1 e 30 22KaTaKaCa.45
8395.87  18 0 1 e 29 2 0 1 e 30 22KaTaKaCa.46
8397.63  18 2 2 f 27 2 2 1 f 28 22KaTaKaCa.47
8399.04  18 0 1 e 27 2 0 1 e 28 22KaTaKaCa.48
8399.17  18 2 2 e 26 2 2 1 e 27 22KaTaKaCa.49
8400.58  18 0 1 e 26 2 0 1 e 27 22KaTaKaCa.50
8400.69  18 2 2 e 25 2 2 1 e 26 22KaTaKaCa.51
8402.09  18 0 1 e 25 2 0 1 e 26 22KaTaKaCa.52
8402.18  18 2 2 f 24 2 2 1 f 25 22KaTaKaCa.53
8403.65  18 2 2 f 23 2 2 1 f 24 22KaTaKaCa.54
8405.05  18 0 1 e 23 2 0 1 e 24 22KaTaKaCa.55
8405.09  18 2 2 e 22 2 2 1 e 23 22KaTaKaCa.56
8406.49  18 0 1 e 22 2 0 1 e 23 22KaTaKaCa.57
8406.50  18 2 2 e 21 2 2 1 e 22 22KaTaKaCa.58
8407.89  18 2 2 e 20 2 2 1 e 21 22KaTaKaCa.59
8407.90  18 0 1 e 21 2 0 1 e 22 22KaTaKaCa.60
8408.08  17 1 1 f 50 1 1 1 f 51 22KaTaKaCa.61
8408.30  17 1 1 e 50 1 1 1 e 51 22KaTaKaCa.62
8409.25  18 2 2 f 19 2 2 1 f 20 22KaTaKaCa.63
8410.45  17 1 1 e 49 1 1 1 e 50 22KaTaKaCa.64
8410.58  18 2 2 e 18 2 2 1 e 19 22KaTaKaCa.65
8410.65  18 0 1 e 19 2 0 1 e 20 22KaTaKaCa.66
8411.90  18 2 2 e 17 2 2 1 e 18 22KaTaKaCa.67
8411.98  18 0 1 e 18 2 0 1 e 19 22KaTaKaCa.68
8412.36  17 1 1 f 48 1 1 1 f 49 22KaTaKaCa.69
8413.29  18 0 1 e 17 2 0 1 e 18 22KaTaKaCa.70
8414.43  18 2 2 e 15 2 2 1 e 16 22KaTaKaCa.71
8415.67  18 2 2 f 14 2 2 1 f 15 22KaTaKaCa.72
8415.83  18 0 1 e 15 2 0 1 e 16 22KaTaKaCa.73
8416.55  17 1 1 f 46 1 1 1 f 47 22KaTaKaCa.74
8416.74  17 1 1 e 46 1 1 1 e 47 22KaTaKaCa.75
8418.05  18 2 2 e 12 2 2 1 e 13 22KaTaKaCa.76
8418.27  18 0 1 e 13 2 0 1 e 14 22KaTaKaCa.77
8418.60  17 1 1 f 45 1 1 1 f 46 22KaTaKaCa.78
8419.21  18 2 2 e 11 2 2 1 e 12 22KaTaKaCa.79
8419.44  18 0 1 e 12 2 0 1 e 13 22KaTaKaCa.80
8420.81  17 1 1 e 44 1 1 1 e 45 22KaTaKaCa.81
8421.43  18 2 2 e 9 2 2 1 e 10 22KaTaKaCa.82
8422.51  18 2 2 f 8 2 2 1 f 9 22KaTaKaCa.83
8422.63  17 1 1 f 43 1 1 1 f 44 22KaTaKaCa.84
8422.80  17 1 1 e 43 1 1 1 e 44 22KaTaKaCa.85
8422.82  18 0 1 e 9 2 0 1 e 10 22KaTaKaCa.86
8424.58  18 2 2 e 6 2 2 1 e 7 22KaTaKaCa.87
8424.60  17 1 1 f 42 1 1 1 f 43 22KaTaKaCa.88
8424.77  17 1 1 e 42 1 1 1 e 43 22KaTaKaCa.89
8424.95  18 0 1 e 7 2 0 1 e 8 22KaTaKaCa.90
8425.58  18 2 2 f 5 2 2 1 f 6 22KaTaKaCa.91
8425.97  18 0 1 e 6 2 0 1 e 7 22KaTaKaCa.92
8426.55  17 1 1 f 41 1 1 1 f 42 22KaTaKaCa.93
8426.71  17 1 1 e 41 1 1 1 e 42 22KaTaKaCa.94
8426.96  18 0 1 e 5 2 0 1 e 6 22KaTaKaCa.95
8427.93  18 0 1 e 4 2 0 1 e 5 22KaTaKaCa.96
8428.47  17 1 1 f 40 1 1 1 f 41 22KaTaKaCa.97
8428.63  17 1 1 e 40 1 1 1 e 41 22KaTaKaCa.98
8428.88  18 0 1 e 3 2 0 1 e 4 22KaTaKaCa.99
8430.36  17 1 1 f 39 1 1 1 f 40 22KaTaKaCa.100
8432.23  17 1 1 f 38 1 1 1 f 39 22KaTaKaCa.101
8432.37  17 1 1 e 38 1 1 1 e 39 22KaTaKaCa.102
8434.07  17 1 1 f 37 1 1 1 f 38 22KaTaKaCa.103
8434.11  18 2 2 e 4 2 2 1 e 3 22KaTaKaCa.104
8434.21  17 1 1 e 37 1 1 1 e 38 22KaTaKaCa.105
8435.89  17 1 1 f 36 1 1 1 f 37 22KaTaKaCa.106
8436.02  17 1 1 e 36 1 1 1 e 37 22KaTaKaCa.107
8436.20  18 0 1 e 5 2 0 1 e 4 22KaTaKaCa.108
8437.39  18 2 2 e 9 2 2 1 e 8 22KaTaKaCa.109
8437.68  17 1 1 f 35 1 1 1 f 36 22KaTaKaCa.110
8437.81  17 1 1 e 35 1 1 1 e 36 22KaTaKaCa.111
8438.17  18 0 1 e 8 2 0 1 e 7 22KaTaKaCa.112
8438.53  18 2 2 e 11 2 2 1 e 10 22KaTaKaCa.113
8439.36  18 0 1 e 10 2 0 1 e 9 22KaTaKaCa.114
8439.44  17 1 1 f 34 1 1 1 f 35 22KaTaKaCa.115
8439.55  18 2 2 f 13 2 2 1 f 12 22KaTaKaCa.116
8439.57  17 1 1 e 34 1 1 1 e 35 22KaTaKaCa.117
8439.91  18 0 1 e 11 2 0 1 e 10 22KaTaKaCa.118
8440.03  18 2 2 f 14 2 2 1 f 13 22KaTaKaCa.119
8440.44  18 0 1 e 12 2 0 1 e 11 22KaTaKaCa.120
8440.47  18 2 2 e 15 2 2 1 e 14 22KaTaKaCa.121
8440.94  18 0 1 e 13 2 0 1 e 12 22KaTaKaCa.122
8441.66  18 2 2 e 18 2 2 1 e 17 22KaTaKaCa.123
8442.88  18 2 2 f 22 2 2 1 f 21 22KaTaKaCa.124
8442.89  17 1 1 f 32 1 1 1 f 33 22KaTaKaCa.125
8443.00  17 1 1 e 32 1 1 1 e 33 22KaTaKaCa.126
8443.12  18 2 2 e 23 2 2 1 e 22 22KaTaKaCa.127
8444.08  18 2 2 f 31 2 2 1 f 30 22KaTaKaCa.128
8444.58  17 1 1 f 31 1 1 1 f 32 22KaTaKaCa.129
8444.68  17 1 1 e 31 1 1 1 e 32 22KaTaKaCa.130
8445.91  16 0 1 e 57 0 0 1 e 58 22KaTaKaCa.131
8446.23  17 1 1 f 30 1 1 1 f 31 22KaTaKaCa.132
8447.87  17 1 1 f 29 1 1 1 f 30 22KaTaKaCa.133
8447.96  17 1 1 e 29 1 1 1 e 30 22KaTaKaCa.134
8449.47  17 1 1 f 28 1 1 1 f 29 22KaTaKaCa.135
8449.56  17 1 1 e 28 1 1 1 e 29 22KaTaKaCa.136
8452.60  17 1 1 f 26 1 1 1 f 27 22KaTaKaCa.137
8452.69  17 1 1 e 26 1 1 1 e 27 22KaTaKaCa.138
8452.88  16 0 1 e 54 0 0 1 e 55 22KaTaKaCa.139
8454.13  17 1 1 f 25 1 1 1 f 26 22KaTaKaCa.140
8454.21  17 1 1 e 25 1 1 1 e 26 22KaTaKaCa.141
8455.16  16 0 1 e 53 0 0 1 e 54 22KaTaKaCa.142
8455.63  17 1 1 f 24 1 1 1 f 25 22KaTaKaCa.143
8455.70  17 1 1 e 24 1 1 1 e 25 22KaTaKaCa.144
8457.11  17 1 1 f 23 1 1 1 f 24 22KaTaKaCa.145
8457.17  17 1 1 e 23 1 1 1 e 24 22KaTaKaCa.146
8457.40  16 0 1 e 52 0 0 1 e 53 22KaTaKaCa.147
8458.55  17 1 1 f 22 1 1 1 f 23 22KaTaKaCa.148
8459.63  16 0 1 e 51 0 0 1 e 52 22KaTaKaCa.149
8459.97  17 1 1 f 21 1 1 1 f 22 22KaTaKaCa.150
8461.37  17 1 1 f 20 1 1 1 f 21 22KaTaKaCa.151
8462.74  17 1 1 f 19 1 1 1 f 20 22KaTaKaCa.152
8462.79  17 1 1 e 19 1 1 1 e 20 22KaTaKaCa.153
8463.99  16 0 1 e 49 0 0 1 e 50 22KaTaKaCa.154
8464.08  17 1 1 f 18 1 1 1 f 19 22KaTaKaCa.155
8464.13  17 1 1 e 18 1 1 1 e 19 22KaTaKaCa.156
8465.39  17 1 1 f 17 1 1 1 f 18 22KaTaKaCa.157
8465.44  17 1 1 e 17 1 1 1 e 18 22KaTaKaCa.158
8466.68  17 1 1 f 16 1 1 1 f 17 22KaTaKaCa.159
8466.73  17 1 1 e 16 1 1 1 e 17 22KaTaKaCa.160
8467.94  17 1 1 f 15 1 1 1 f 16 22KaTaKaCa.161
8467.99  17 1 1 e 15 1 1 1 e 16 22KaTaKaCa.162
8468.24  16 0 1 e 47 0 0 1 e 48 22KaTaKaCa.163
8469.18  17 1 1 f 14 1 1 1 f 15 22KaTaKaCa.164
8469.22  17 1 1 e 14 1 1 1 e 15 22KaTaKaCa.165
8470.33  16 0 1 e 46 0 0 1 e 47 22KaTaKaCa.166
8470.39  17 1 1 f 13 1 1 1 f 14 22KaTaKaCa.167
8470.43  17 1 1 e 13 1 1 1 e 14 22KaTaKaCa.168
8471.58  17 1 1 f 12 1 1 1 f 13 22KaTaKaCa.169
8471.61  17 1 1 e 12 1 1 1 e 13 22KaTaKaCa.170
8472.39  16 0 1 e 45 0 0 1 e 46 22KaTaKaCa.171
8472.73  17 1 1 f 11 1 1 1 f 12 22KaTaKaCa.172
8472.76  17 1 1 e 11 1 1 1 e 12 22KaTaKaCa.173
8473.86  17 1 1 f 10 1 1 1 f 11 22KaTaKaCa.174
8473.89  17 1 1 e 10 1 1 1 e 11 22KaTaKaCa.175
8474.42  16 0 1 e 44 0 0 1 e 45 22KaTaKaCa.176
8476.05  17 1 1 f 8 1 1 1 f 9 22KaTaKaCa.177
8476.07  17 1 1 e 8 1 1 1 e 9 22KaTaKaCa.178
8476.43  16 0 1 e 43 0 0 1 e 44 22KaTaKaCa.179
8477.10  17 1 1 f 7 1 1 1 f 8 22KaTaKaCa.180
8477.11  17 1 1 e 7 1 1 1 e 8 22KaTaKaCa.181
8478.12  17 1 1 f 6 1 1 1 f 7 22KaTaKaCa.182
8478.14  17 1 1 e 6 1 1 1 e 7 22KaTaKaCa.183
8478.42  16 0 1 e 42 0 0 1 e 43 22KaTaKaCa.184
8479.12  17 1 1 f 5 1 1 1 f 6 22KaTaKaCa.185
8479.13  17 1 1 e 5 1 1 1 e 6 22KaTaKaCa.186
8480.10  17 1 1 e 4 1 1 1 e 5 22KaTaKaCa.187
8480.37  16 0 1 e 41 0 0 1 e 42 22KaTaKaCa.188
8480.75  17 1 1 f 17 1 1 1 e 17 22KaTaKaCa.189
8481.04  17 1 1 e 3 1 1 1 e 4 22KaTaKaCa.190
8481.04  17 1 1 f 3 1 1 1 f 4 22KaTaKaCa.191
8481.96  17 1 1 e 2 1 1 1 e 3 22KaTaKaCa.192
8482.30  16 0 1 e 40 0 0 1 e 41 22KaTaKaCa.193
8483.30  17 1 1 e 9 1 1 1 f 9 22KaTaKaCa.194
8483.66  17 1 1 f 8 1 1 1 e 8 22KaTaKaCa.195
8483.87  17 1 1 f 7 1 1 1 e 7 22KaTaKaCa.196
8483.97  17 1 1 e 6 1 1 1 f 6 22KaTaKaCa.197
8484.28  17 1 1 e 4 1 1 1 f 4 22KaTaKaCa.198
8484.39  17 1 1 e 3 1 1 1 f 3 22KaTaKaCa.199
8486.08  16 0 1 e 38 0 0 1 e 39 22KaTaKaCa.200
8486.92  17 1 1 e 3 1 1 1 e 2 22KaTaKaCa.201
8486.92  17 1 1 f 3 1 1 1 f 2 22KaTaKaCa.202
8487.65  17 1 1 e 4 1 1 1 e 3 22KaTaKaCa.203
8487.65  17 1 1 f 4 1 1 1 f 3 22KaTaKaCa.204
8489.04  17 1 1 e 6 1 1 1 e 5 22KaTaKaCa.205
8489.04  17 1 1 f 6 1 1 1 f 5 22KaTaKaCa.206
8489.69  17 1 1 e 7 1 1 1 e 6 22KaTaKaCa.207
8489.69  17 1 1 f 7 1 1 1 f 6 22KaTaKaCa.208
8490.32  17 1 1 e 8 1 1 1 e 7 22KaTaKaCa.209
8490.32  17 1 1 f 8 1 1 1 f 7 22KaTaKaCa.210
8490.92  17 1 1 f 9 1 1 1 f 8 22KaTaKaCa.211
8491.49  17 1 1 f 10 1 1 1 f 9 22KaTaKaCa.212
8491.55  16 0 1 e 35 0 0 1 e 36 22KaTaKaCa.213
8492.04  17 1 1 e 11 1 1 1 e 10 22KaTaKaCa.214
8492.05  17 1 1 f 11 1 1 1 f 10 22KaTaKaCa.215
8492.56  17 1 1 e 12 1 1 1 e 11 22KaTaKaCa.216
8492.71  17 1 1 f 50 1 1 1 f 49 22KaTaKaCa.217
8492.78  17 1 1 e 50 1 1 1 e 49 22KaTaKaCa.218
8493.20  17 1 1 f 49 1 1 1 f 48 22KaTaKaCa.219
8493.26  17 1 1 e 49 1 1 1 e 48 22KaTaKaCa.220
8493.32  16 0 1 e 34 0 0 1 e 35 22KaTaKaCa.221
8493.53  17 1 1 e 14 1 1 1 e 13 22KaTaKaCa.222
8493.97  17 1 1 e 15 1 1 1 e 14 22KaTaKaCa.223
8493.98  17 1 1 f 15 1 1 1 f 14 22KaTaKaCa.224
8494.10  17 1 1 f 47 1 1 1 f 46 22KaTaKaCa.225
8494.15  17 1 1 e 47 1 1 1 e 46 22KaTaKaCa.226
8494.38  17 1 1 e 16 1 1 1 e 15 22KaTaKaCa.227
8494.39  17 1 1 f 16 1 1 1 f 15 22KaTaKaCa.228
8494.51  17 1 1 f 46 1 1 1 f 45 22KaTaKaCa.229
8494.55  17 1 1 e 46 1 1 1 e 45 22KaTaKaCa.230
8494.77  17 1 1 e 17 1 1 1 e 16 22KaTaKaCa.231
8494.89  17 1 1 f 45 1 1 1 f 44 22KaTaKaCa.232
8494.93  17 1 1 e 45 1 1 1 e 44 22KaTaKaCa.233
8495.06  16 0 1 e 33 0 0 1 e 34 22KaTaKaCa.234
8495.14  17 1 1 e 18 1 1 1 e 17 22KaTaKaCa.235
8495.25  17 1 1 f 44 1 1 1 f 43 22KaTaKaCa.236
8495.47  17 1 1 e 19 1 1 1 e 18 22KaTaKaCa.237
8495.57  17 1 1 f 43 1 1 1 f 42 22KaTaKaCa.238
8495.61  17 1 1 e 43 1 1 1 e 42 22KaTaKaCa.239
8495.78  17 1 1 e 20 1 1 1 e 19 22KaTaKaCa.240
8495.88  17 1 1 f 42 1 1 1 f 41 22KaTaKaCa.241
8496.06  17 1 1 e 21 1 1 1 e 20 22KaTaKaCa.242
8496.07  17 1 1 f 21 1 1 1 f 20 22KaTaKaCa.243
8496.18  17 1 1 e 41 1 1 1 e 40 22KaTaKaCa.244
8496.32  17 1 1 e 22 1 1 1 e 21 22KaTaKaCa.245
8496.33  17 1 1 f 22 1 1 1 f 21 22KaTaKaCa.246
8496.40  17 1 1 f 40 1 1 1 f 39 22KaTaKaCa.247
8496.43  17 1 1 e 40 1 1 1 e 39 22KaTaKaCa.248
8496.56  17 1 1 f 23 1 1 1 f 22 22KaTaKaCa.249
8496.62  17 1 1 f 39 1 1 1 f 38 22KaTaKaCa.250
8496.64  17 1 1 e 39 1 1 1 e 38 22KaTaKaCa.251
8496.76  17 1 1 f 24 1 1 1 f 23 22KaTaKaCa.252
8496.78  16 0 1 e 32 0 0 1 e 33 22KaTaKaCa.253
8496.82  17 1 1 f 38 1 1 1 f 37 22KaTaKaCa.254
8496.84  17 1 1 e 38 1 1 1 e 37 22KaTaKaCa.255
8496.94  17 1 1 e 25 1 1 1 e 24 22KaTaKaCa.256
8496.94  17 1 1 f 25 1 1 1 f 24 22KaTaKaCa.257
8496.99  17 1 1 f 37 1 1 1 f 36 22KaTaKaCa.258
8497.00  17 1 1 e 37 1 1 1 e 36 22KaTaKaCa.259
8497.09  17 1 1 e 26 1 1 1 e 25 22KaTaKaCa.260
8497.13  17 1 1 f 36 1 1 1 f 35 22KaTaKaCa.261
8497.14  17 1 1 e 36 1 1 1 e 35 22KaTaKaCa.262
8497.21  17 1 1 e 27 1 1 1 e 26 22KaTaKaCa.263
8497.26  17 1 1 e 35 1 1 1 e 34 22KaTaKaCa.264
8497.31  17 1 1 e 28 1 1 1 e 27 22KaTaKaCa.265
8497.33  17 1 1 f 34 1 1 1 f 33 22KaTaKaCa.266
8497.34  17 1 1 e 34 1 1 1 e 33 22KaTaKaCa.267
8497.38  17 1 1 e 29 1 1 1 e 28 22KaTaKaCa.268
8497.40  17 1 1 e 33 1 1 1 e 32 22KaTaKaCa.269
8497.43  17 1 1 f 30 1 1 1 f 29 22KaTaKaCa.270
8498.47  16 0 1 e 31 0 0 1 e 32 22KaTaKaCa.271
8500.13  16 0 1 e 30 0 0 1 e 31 22KaTaKaCa.272
8501.77  16 0 1 e 29 0 0 1 e 30 22KaTaKaCa.273
8503.38  16 0 1 e 28 0 0 1 e 29 22KaTaKaCa.274
8504.97  16 0 1 e 27 0 0 1 e 28 22KaTaKaCa.275
8506.52  16 0 1 e 26 0 0 1 e 27 22KaTaKaCa.276
8508.05  16 0 1 e 25 0 0 1 e 26 22KaTaKaCa.277
8509.56  16 0 1 e 24 0 0 1 e 25 22KaTaKaCa.278
8511.04  16 0 1 e 23 0 0 1 e 24 22KaTaKaCa.279
8512.49  16 0 1 e 22 0 0 1 e 23 22KaTaKaCa.280
8513.91  16 0 1 e 21 0 0 1 e 22 22KaTaKaCa.281
8515.31  16 0 1 e 20 0 0 1 e 21 22KaTaKaCa.282
8516.68  16 0 1 e 19 0 0 1 e 20 22KaTaKaCa.283
8518.03  16 0 1 e 18 0 0 1 e 19 22KaTaKaCa.284
8519.34  16 0 1 e 17 0 0 1 e 18 22KaTaKaCa.285
8520.64  16 0 1 e 16 0 0 1 e 17 22KaTaKaCa.286
8521.90  16 0 1 e 15 0 0 1 e 16 22KaTaKaCa.287
8523.14  16 0 1 e 14 0 0 1 e 15 22KaTaKaCa.288
8524.35  16 0 1 e 13 0 0 1 e 14 22KaTaKaCa.289
8525.53  16 0 1 e 12 0 0 1 e 13 22KaTaKaCa.290
8526.69  16 0 1 e 11 0 0 1 e 12 22KaTaKaCa.291
8527.82  16 0 1 e 10 0 0 1 e 11 22KaTaKaCa.292
8528.93  16 0 1 e 9 0 0 1 e 10 22KaTaKaCa.293
8530.01  16 0 1 e 8 0 0 1 e 9 22KaTaKaCa.294
8531.06  16 0 1 e 7 0 0 1 e 8 22KaTaKaCa.295
8532.08  16 0 1 e 6 0 0 1 e 7 22KaTaKaCa.296
8533.08  16 0 1 e 5 0 0 1 e 6 22KaTaKaCa.297
8534.05  16 0 1 e 4 0 0 1 e 5 22KaTaKaCa.298
8535.00  16 0 1 e 3 0 0 1 e 4 22KaTaKaCa.299
8535.92  16 0 1 e 2 0 0 1 e 3 22KaTaKaCa.300
8536.81  16 0 1 e 1 0 0 1 e 2 22KaTaKaCa.301
8538.97  16 0 1 e 61 0 0 1 e 60 22KaTaKaCa.302
8539.77  16 0 1 e 60 0 0 1 e 59 22KaTaKaCa.303
8540.11  16 0 1 e 2 0 0 1 e 1 22KaTaKaCa.304
8540.54  16 0 1 e 59 0 0 1 e 58 22KaTaKaCa.305
8540.86  16 0 1 e 3 0 0 1 e 2 22KaTaKaCa.306
8541.29  16 0 1 e 58 0 0 1 e 57 22KaTaKaCa.307
8541.60  16 0 1 e 4 0 0 1 e 3 22KaTaKaCa.308
8542.30  16 0 1 e 5 0 0 1 e 4 22KaTaKaCa.309
8542.70  16 0 1 e 56 0 0 1 e 55 22KaTaKaCa.310
8542.98  16 0 1 e 6 0 0 1 e 5 22KaTaKaCa.311
8543.36  16 0 1 e 55 0 0 1 e 54 22KaTaKaCa.312
8543.63  16 0 1 e 7 0 0 1 e 6 22KaTaKaCa.313
8543.99  16 0 1 e 54 0 0 1 e 53 22KaTaKaCa.314
8544.25  16 0 1 e 8 0 0 1 e 7 22KaTaKaCa.315
8544.60  16 0 1 e 53 0 0 1 e 52 22KaTaKaCa.316
8544.85  16 0 1 e 9 0 0 1 e 8 22KaTaKaCa.317
8545.42  16 0 1 e 10 0 0 1 e 9 22KaTaKaCa.318
8545.96  16 0 1 e 11 0 0 1 e 10 22KaTaKaCa.319
8546.48  16 0 1 e 12 0 0 1 e 11 22KaTaKaCa.320
8546.77  16 0 1 e 49 0 0 1 e 48 22KaTaKaCa.321
8546.97  16 0 1 e 13 0 0 1 e 12 22KaTaKaCa.322
8547.25  16 0 1 e 48 0 0 1 e 47 22KaTaKaCa.323
8547.43  16 0 1 e 14 0 0 1 e 13 22KaTaKaCa.324
8547.70  16 0 1 e 47 0 0 1 e 46 22KaTaKaCa.325
8547.87  16 0 1 e 15 0 0 1 e 14 22KaTaKaCa.326
8548.12  16 0 1 e 46 0 0 1 e 45 22KaTaKaCa.327
8548.28  16 0 1 e 16 0 0 1 e 15 22KaTaKaCa.328
8548.51  16 0 1 e 45 0 0 1 e 44 22KaTaKaCa.329
8548.66  16 0 1 e 17 0 0 1 e 16 22KaTaKaCa.330
8548.88  16 0 1 e 44 0 0 1 e 43 22KaTaKaCa.331
8549.02  16 0 1 e 18 0 0 1 e 17 22KaTaKaCa.332
8549.22  16 0 1 e 43 0 0 1 e 42 22KaTaKaCa.333
8549.35  16 0 1 e 19 0 0 1 e 18 22KaTaKaCa.334
8549.53  16 0 1 e 42 0 0 1 e 41 22KaTaKaCa.335
8549.65  16 0 1 e 20 0 0 1 e 19 22KaTaKaCa.336
8549.82  16 0 1 e 41 0 0 1 e 40 22KaTaKaCa.337
8549.93  16 0 1 e 21 0 0 1 e 20 22KaTaKaCa.338
8550.08  16 0 1 e 40 0 0 1 e 39 22KaTaKaCa.339
8550.18  16 0 1 e 22 0 0 1 e 21 22KaTaKaCa.340
8550.32  16 0 1 e 39 0 0 1 e 38 22KaTaKaCa.341
8550.40  16 0 1 e 23 0 0 1 e 22 22KaTaKaCa.342
8550.52  16 0 1 e 38 0 0 1 e 37 22KaTaKaCa.343
8550.60  16 0 1 e 24 0 0 1 e 23 22KaTaKaCa.344
8550.77  16 0 1 e 25 0 0 1 e 24 22KaTaKaCa.345
8550.85  16 0 1 e 36 0 0 1 e 35 22KaTaKaCa.346
8550.91  16 0 1 e 26 0 0 1 e 25 22KaTaKaCa.347
8550.98  16 0 1 e 35 0 0 1 e 34 22KaTaKaCa.348
8551.02  16 0 1 e 27 0 0 1 e 26 22KaTaKaCa.349
8551.08  16 0 1 e 34 0 0 1 e 33 22KaTaKaCa.350
8551.11  16 0 1 e 28 0 0 1 e 27 22KaTaKaCa.351
8551.15  16 0 1 e 33 0 0 1 e 32 22KaTaKaCa.352
8551.17  16 0 1 e 29 0 0 1 e 28 22KaTaKaCa.353
8551.20  16 0 1 e 32 0 0 1 e 31 22KaTaKaCa.354
