7648.1695252 0.0013 14 0 3 e 2 0 0 1 e 3 22KaKaTaCa.1
7649.0544765 0.0013 14 0 3 e 1 0 0 1 e 2 22KaKaTaCa.2
7653.8677769 0.0013 14 0 3 e 4 0 0 1 e 3 22KaKaTaCa.3
7654.5865856 0.0013 14 0 3 e 5 0 0 1 e 4 22KaKaTaCa.4
7655.2819671 0.0013 14 0 3 e 6 0 0 1 e 5 22KaKaTaCa.5
7655.9540893 0.0013 14 0 3 e 7 0 0 1 e 6 22KaKaTaCa.6
7656.6017662 0.0013 14 0 3 e 8 0 0 1 e 7 22KaKaTaCa.7
7657.2255594 0.0013 14 0 3 e 9 0 0 1 e 8 22KaKaTaCa.8
7657.8263925 0.0013 14 0 3 e 10 0 0 1 e 9 22KaKaTaCa.9
7658.4023900 0.0013 14 0 3 e 11 0 0 1 e 10 22KaKaTaCa.10
7658.9551669 0.0013 14 0 3 e 12 0 0 1 e 11 22KaKaTaCa.11
7659.4841147 0.0013 14 0 3 e 13 0 0 1 e 12 22KaKaTaCa.12
7660.4701961 0.0013 14 0 3 e 15 0 0 1 e 14 22KaKaTaCa.13
7660.9275121 0.0013 14 0 3 e 16 0 0 1 e 15 22KaKaTaCa.14
7661.3596832 0.0013 14 0 3 e 17 0 0 1 e 16 22KaKaTaCa.15
7661.5123783 0.0013 14 0 3 e 52 0 0 1 e 51 22KaKaTaCa.16
7661.7684303 0.0013 14 0 3 e 18 0 0 1 e 17 22KaKaTaCa.17
7661.9126342 0.0013 14 0 3 e 51 0 0 1 e 50 22KaKaTaCa.18
7662.1564140 0.0013 14 0 3 e 19 0 0 1 e 18 22KaKaTaCa.19
7662.5181798 0.0013 14 0 3 e 20 0 0 1 e 19 22KaKaTaCa.20
7662.6445779 0.0013 14 0 3 e 49 0 0 1 e 48 22KaKaTaCa.21
7662.8564883 0.0013 14 0 3 e 21 0 0 1 e 20 22KaKaTaCa.22
7663.1704578 0.0013 14 0 3 e 22 0 0 1 e 21 22KaKaTaCa.23
7663.2801068 0.0013 14 0 3 e 47 0 0 1 e 46 22KaKaTaCa.24
7663.4631039 0.0013 14 0 3 e 23 0 0 1 e 22 22KaKaTaCa.25
7663.7279866 0.0013 14 0 3 e 24 0 0 1 e 23 22KaKaTaCa.26
7663.8197837 0.0013 14 0 3 e 45 0 0 1 e 44 22KaKaTaCa.27
7663.9714741 0.0013 14 0 3 e 25 0 0 1 e 24 22KaKaTaCa.28
7664.0525324 0.0013 14 0 3 e 44 0 0 1 e 43 22KaKaTaCa.29
7664.1894774 0.0013 14 0 3 e 26 0 0 1 e 25 22KaKaTaCa.30
7664.3847721 0.0013 14 0 3 e 27 0 0 1 e 26 22KaKaTaCa.31
7664.5566928 0.0013 14 0 3 e 28 0 0 1 e 27 22KaKaTaCa.32
7664.6137847 0.0013 14 0 3 e 41 0 0 1 e 40 22KaKaTaCa.33
7664.7038406 0.0013 14 0 3 e 29 0 0 1 e 28 22KaKaTaCa.34
7664.7518972 0.0013 14 0 3 e 40 0 0 1 e 39 22KaKaTaCa.35
7664.8276686 0.0013 14 0 3 e 30 0 0 1 e 29 22KaKaTaCa.36
7664.9274806 0.0013 14 0 3 e 31 0 0 1 e 30 22KaKaTaCa.37
7665.0035069 0.0013 14 0 3 e 32 0 0 1 e 31 22KaKaTaCa.38
7665.0250091 0.0013 14 0 3 e 37 0 0 1 e 36 22KaKaTaCa.39
7665.0568873 0.0013 14 0 3 e 33 0 0 1 e 32 22KaKaTaCa.40
7665.0866662 0.0013 14 0 3 e 34 0 0 1 e 33 22KaKaTaCa.41
7841.4854675 0.0013 14 0 8 e 33 0 0 1 e 34 22KaKaTaCa.42
7844.3661378 0.0013 14 0 8 e 31 0 0 1 e 32 22KaKaTaCa.43
7847.1788773 0.0013 14 0 8 e 29 0 0 1 e 30 22KaKaTaCa.44
7848.5573006 0.0013 14 0 8 e 28 0 0 1 e 29 22KaKaTaCa.45
7849.9170848 0.0013 14 0 8 e 27 0 0 1 e 28 22KaKaTaCa.46
7853.8820648 0.0013 14 0 8 e 24 0 0 1 e 25 22KaKaTaCa.47
7856.4323108 0.0013 14 0 8 e 22 0 0 1 e 23 22KaKaTaCa.48
7862.4771005 0.0013 14 0 8 e 17 0 0 1 e 18 22KaKaTaCa.49
7863.6286266 0.0013 14 0 8 e 16 0 0 1 e 17 22KaKaTaCa.50
7864.7627579 0.0013 14 0 8 e 15 0 0 1 e 16 22KaKaTaCa.51
7865.8787229 0.0013 14 0 8 e 14 0 0 1 e 15 22KaKaTaCa.52
7868.0538693 0.0013 14 0 8 e 12 0 0 1 e 13 22KaKaTaCa.53
7869.1134121 0.0013 14 0 8 e 11 0 0 1 e 12 22KaKaTaCa.54
7870.1546620 0.0013 14 0 8 e 10 0 0 1 e 11 22KaKaTaCa.55
7871.1770867 0.0013 14 0 8 e 9 0 0 1 e 10 22KaKaTaCa.56
7872.1810868 0.0013 14 0 8 e 8 0 0 1 e 9 22KaKaTaCa.57
7874.1349258 0.0013 14 0 8 e 6 0 0 1 e 7 22KaKaTaCa.58
7875.0820640 0.0013 14 0 8 e 5 0 0 1 e 6 22KaKaTaCa.59
7876.0120594 0.0013 14 0 8 e 4 0 0 1 e 5 22KaKaTaCa.60
7876.9234041 0.0013 14 0 8 e 3 0 0 1 e 4 22KaKaTaCa.61
7878.6939102 0.0013 14 0 8 e 1 0 0 1 e 2 22KaKaTaCa.62
7882.0057784 0.0013 14 0 8 e 2 0 0 1 e 1 22KaKaTaCa.63
7882.7905041 0.0013 14 0 8 e 3 0 0 1 e 2 22KaKaTaCa.64
7883.5540401 0.0013 14 0 8 e 4 0 0 1 e 3 22KaKaTaCa.65
7885.7351575 0.0013 14 0 8 e 7 0 0 1 e 6 22KaKaTaCa.66
7886.4252008 0.0013 14 0 8 e 8 0 0 1 e 7 22KaKaTaCa.67
7887.7493023 0.0013 14 0 8 e 10 0 0 1 e 9 22KaKaTaCa.68
7888.3845753 0.0013 14 0 8 e 11 0 0 1 e 10 22KaKaTaCa.69
7890.1752028 0.0013 14 0 8 e 14 0 0 1 e 13 22KaKaTaCa.70
7891.2750542 0.0013 14 0 8 e 16 0 0 1 e 15 22KaKaTaCa.71
7891.7973645 0.0013 14 0 8 e 17 0 0 1 e 16 22KaKaTaCa.72
7892.7848442 0.0013 14 0 8 e 19 0 0 1 e 18 22KaKaTaCa.73
7893.2501284 0.0013 14 0 8 e 20 0 0 1 e 19 22KaKaTaCa.74
7893.6966003 0.0013 14 0 8 e 21 0 0 1 e 20 22KaKaTaCa.75
7894.9213453 0.0013 14 0 8 e 24 0 0 1 e 23 22KaKaTaCa.76
7895.2918182 0.0013 14 0 8 e 25 0 0 1 e 24 22KaKaTaCa.77
7895.6444424 0.0013 14 0 8 e 26 0 0 1 e 25 22KaKaTaCa.78
7895.9755972 0.0013 14 0 8 e 27 0 0 1 e 26 22KaKaTaCa.79
