7351.10891  12 0 16 e 31 0 0 1 e 32 23KaMoTaCa.1
7358.308027  12 0 16 e 25 0 0 1 e 26 23KaMoTaCa.2
7360.595483  12 0 16 e 23 0 0 1 e 24 23KaMoTaCa.3
7362.831842  12 0 16 e 21 0 0 1 e 22 23KaMoTaCa.4
7363.927561  12 0 16 e 20 0 0 1 e 21 23KaMoTaCa.5
7366.084364  12 0 16 e 18 0 0 1 e 19 23KaMoTaCa.6
7367.141762  12 0 16 e 17 0 0 1 e 18 23KaMoTaCa.7
7370.243243  12 0 16 e 14 0 0 1 e 15 23KaMoTaCa.8
7371.24963  12 0 16 e 13 0 0 1 e 14 23KaMoTaCa.9
7373.228489  12 0 16 e 11 0 0 1 e 12 23KaMoTaCa.10
7374.19869  12 0 16 e 10 0 0 1 e 11 23KaMoTaCa.11
7377.038544  12 0 16 e 7 0 0 1 e 8 23KaMoTaCa.12
7380.65691  12 0 16 e 3 0 0 1 e 4 23KaMoTaCa.13
7387.309607  12 0 16 e 4 0 0 1 e 3 23KaMoTaCa.14
7388.088281  12 0 16 e 5 0 0 1 e 4 23KaMoTaCa.15
7389.610424  12 0 16 e 7 0 0 1 e 6 23KaMoTaCa.16
7391.077627  12 0 16 e 9 0 0 1 e 8 23KaMoTaCa.17
7392.49969  12 0 16 e 11 0 0 1 e 10 23KaMoTaCa.18
7393.194321  12 0 16 e 12 0 0 1 e 11 23KaMoTaCa.19
7395.191392  12 0 16 e 15 0 0 1 e 14 23KaMoTaCa.20
7395.83384  12 0 16 e 16 0 0 1 e 15 23KaMoTaCa.21
7398.848201  12 0 16 e 21 0 0 1 e 20 23KaMoTaCa.22
7399.958825  12 0 16 e 23 0 0 1 e 22 23KaMoTaCa.23
7400.49712  12 0 16 e 24 0 0 1 e 23 23KaMoTaCa.24
7401.528598  12 0 16 e 26 0 0 1 e 25 23KaMoTaCa.25
7403.418569  12 0 16 e 30 0 0 1 e 29 23KaMoTaCa.26
7403.856803  12 0 16 e 31 0 0 1 e 30 23KaMoTaCa.27
7404.279437  12 0 16 e 32 0 0 1 e 31 23KaMoTaCa.28
7405.459103  12 0 16 e 35 0 0 1 e 34 23KaMoTaCa.29
7406.495854  12 0 16 e 38 0 0 1 e 37 23KaMoTaCa.30
7407.112057  12 0 16 e 40 0 0 1 e 39 23KaMoTaCa.31
7407.400521  12 0 16 e 41 0 0 1 e 40 23KaMoTaCa.32
7408.76803  12 0 16 e 47 0 0 1 e 46 23KaMoTaCa.33
7442.085798  12 0 15 e 41 0 0 1 e 42 23KaMoTaCa.34
7443.640628  12 0 15 e 40 0 0 1 e 41 23KaMoTaCa.35
7445.171896  12 0 15 e 39 0 0 1 e 40 23KaMoTaCa.36
7448.185356  12 0 15 e 37 0 0 1 e 38 23KaMoTaCa.37
7452.567571  12 0 15 e 34 0 0 1 e 35 23KaMoTaCa.38
7455.402911  12 0 15 e 32 0 0 1 e 33 23KaMoTaCa.39
7456.792903  12 0 15 e 31 0 0 1 e 32 23KaMoTaCa.40
7460.85944  12 0 15 e 28 0 0 1 e 29 23KaMoTaCa.41
7460.981354  14 0 1 e 41 0 0 1 e 42 23KaMoTaCa.42
7462.180297  12 0 15 e 27 0 0 1 e 28 23KaMoTaCa.43
7463.482353  12 0 15 e 26 0 0 1 e 27 23KaMoTaCa.44
7464.127478  14 0 1 e 39 0 0 1 e 40 23KaMoTaCa.45
7464.768263  12 0 15 e 25 0 0 1 e 26 23KaMoTaCa.46
7465.678463  14 0 1 e 38 0 0 1 e 39 23KaMoTaCa.47
7466.037202  12 0 15 e 24 0 0 1 e 25 23KaMoTaCa.48
7467.285541  12 0 15 e 23 0 0 1 e 24 23KaMoTaCa.49
7468.518814  12 0 15 e 22 0 0 1 e 23 23KaMoTaCa.50
7469.733697  12 0 15 e 21 0 0 1 e 22 23KaMoTaCa.51
7472.113439  12 0 15 e 19 0 0 1 e 20 23KaMoTaCa.52
7473.275496  12 0 15 e 18 0 0 1 e 19 23KaMoTaCa.53
7475.550828  12 0 15 e 16 0 0 1 e 17 23KaMoTaCa.54
7477.369177  14 0 1 e 30 0 0 1 e 31 23KaMoTaCa.55
7477.757866  12 0 15 e 14 0 0 1 e 15 23KaMoTaCa.56
7479.895739  12 0 15 e 12 0 0 1 e 13 23KaMoTaCa.57
7480.105133  14 0 1 e 28 0 0 1 e 29 23KaMoTaCa.58
7480.938711  12 0 15 e 11 0 0 1 e 12 23KaMoTaCa.59
7481.446191  14 0 1 e 27 0 0 1 e 28 23KaMoTaCa.60
7482.973058  12 0 15 e 9 0 0 1 e 10 23KaMoTaCa.61
7484.939978  12 0 15 e 7 0 0 1 e 8 23KaMoTaCa.62
7485.897996  12 0 15 e 6 0 0 1 e 7 23KaMoTaCa.63
7486.620054  14 0 1 e 23 0 0 1 e 24 23KaMoTaCa.64
7486.838695  12 0 15 e 5 0 0 1 e 6 23KaMoTaCa.65
7487.761102  12 0 15 e 4 0 0 1 e 5 23KaMoTaCa.66
7487.870932  14 0 1 e 22 0 0 1 e 23 23KaMoTaCa.67
7488.666898  12 0 15 e 3 0 0 1 e 4 23KaMoTaCa.68
7490.313417  14 0 1 e 20 0 0 1 e 21 23KaMoTaCa.69
7490.428248  12 0 15 e 1 0 0 1 e 2 23KaMoTaCa.70
7491.508576  14 0 1 e 19 0 0 1 e 20 23KaMoTaCa.71
7492.683889  14 0 1 e 18 0 0 1 e 19 23KaMoTaCa.72
7493.746538  12 0 15 e 2 0 0 1 e 1 23KaMoTaCa.73
7493.841951  14 0 1 e 17 0 0 1 e 18 23KaMoTaCa.74
7494.532307  12 0 15 e 3 0 0 1 e 2 23KaMoTaCa.75
7494.981893  14 0 1 e 16 0 0 1 e 17 23KaMoTaCa.76
7495.302152  12 0 15 e 4 0 0 1 e 3 23KaMoTaCa.77
7496.055098  12 0 15 e 5 0 0 1 e 4 23KaMoTaCa.78
7496.103804  14 0 1 e 15 0 0 1 e 16 23KaMoTaCa.79
7496.789779  12 0 15 e 6 0 0 1 e 5 23KaMoTaCa.80
7497.208531  14 0 1 e 14 0 0 1 e 15 23KaMoTaCa.81
7497.50777  12 0 15 e 7 0 0 1 e 6 23KaMoTaCa.82
7498.209509  12 0 15 e 8 0 0 1 e 7 23KaMoTaCa.83
7499.363248  14 0 1 e 12 0 0 1 e 13 23KaMoTaCa.84
7499.560043  12 0 15 e 10 0 0 1 e 9 23KaMoTaCa.85
7500.210266  12 0 15 e 11 0 0 1 e 10 23KaMoTaCa.86
7500.41343  14 0 1 e 11 0 0 1 e 12 23KaMoTaCa.87
7500.84212  12 0 15 e 12 0 0 1 e 11 23KaMoTaCa.88
7501.446455  14 0 1 e 10 0 0 1 e 11 23KaMoTaCa.89
7501.457152  12 0 15 e 13 0 0 1 e 12 23KaMoTaCa.90
7502.461557  14 0 1 e 9 0 0 1 e 10 23KaMoTaCa.91
7502.633593  12 0 15 e 15 0 0 1 e 14 23KaMoTaCa.92
7503.19943  12 0 15 e 16 0 0 1 e 15 23KaMoTaCa.93
7503.45796  14 0 1 e 8 0 0 1 e 9 23KaMoTaCa.94
7503.744372  12 0 15 e 17 0 0 1 e 16 23KaMoTaCa.95
7504.27212  12 0 15 e 18 0 0 1 e 17 23KaMoTaCa.96
7504.438125  14 0 1 e 7 0 0 1 e 8 23KaMoTaCa.97
7504.783483  12 0 15 e 19 0 0 1 e 18 23KaMoTaCa.98
7505.275368  12 0 15 e 20 0 0 1 e 19 23KaMoTaCa.99
7505.400326  14 0 1 e 6 0 0 1 e 7 23KaMoTaCa.100
7505.752611  12 0 15 e 21 0 0 1 e 20 23KaMoTaCa.101
7506.210901  12 0 15 e 22 0 0 1 e 21 23KaMoTaCa.102
7506.344024  14 0 1 e 5 0 0 1 e 6 23KaMoTaCa.103
7506.650868  12 0 15 e 23 0 0 1 e 22 23KaMoTaCa.104
7507.075191  12 0 15 e 24 0 0 1 e 23 23KaMoTaCa.105
7507.270518  14 0 1 e 4 0 0 1 e 5 23KaMoTaCa.106
7507.868679  12 0 15 e 26 0 0 1 e 25 23KaMoTaCa.107
7508.590036  12 0 15 e 28 0 0 1 e 27 23KaMoTaCa.108
7508.925838  12 0 15 e 29 0 0 1 e 28 23KaMoTaCa.109
7509.241031  12 0 15 e 30 0 0 1 e 29 23KaMoTaCa.110
7509.540734  12 0 15 e 31 0 0 1 e 30 23KaMoTaCa.111
7509.822586  12 0 15 e 32 0 0 1 e 31 23KaMoTaCa.112
7510.08579  12 0 15 e 33 0 0 1 e 32 23KaMoTaCa.113
7510.33057  12 0 15 e 34 0 0 1 e 33 23KaMoTaCa.114
7510.558989  12 0 15 e 35 0 0 1 e 34 23KaMoTaCa.115
7510.767046  12 0 15 e 36 0 0 1 e 35 23KaMoTaCa.116
7510.959123  12 0 15 e 37 0 0 1 e 36 23KaMoTaCa.117
7511.128073  12 0 15 e 38 0 0 1 e 37 23KaMoTaCa.118
7511.539579  12 0 15 e 41 0 0 1 e 40 23KaMoTaCa.119
7511.636836  12 0 15 e 42 0 0 1 e 41 23KaMoTaCa.120
7514.041458  14 0 1 e 3 0 0 1 e 2 23KaMoTaCa.121
7515.561665  14 0 1 e 5 0 0 1 e 4 23KaMoTaCa.122
7517.007115  14 0 1 e 7 0 0 1 e 6 23KaMoTaCa.123
7517.702637  14 0 1 e 8 0 0 1 e 7 23KaMoTaCa.124
7518.381767  14 0 1 e 9 0 0 1 e 8 23KaMoTaCa.125
7518.993121  12 0 16 e 39 0 0 1 e 40 23KaMoTaCa.126
7519.039113  14 0 1 e 10 0 0 1 e 9 23KaMoTaCa.127
7520.308265  14 0 1 e 12 0 0 1 e 11 23KaMoTaCa.128
7520.915694  14 0 1 e 13 0 0 1 e 12 23KaMoTaCa.129
7521.503411  14 0 1 e 14 0 0 1 e 13 23KaMoTaCa.130
7522.073563  14 0 1 e 15 0 0 1 e 14 23KaMoTaCa.131
7522.115648  12 0 16 e 37 0 0 1 e 38 23KaMoTaCa.132
7522.627902  14 0 1 e 16 0 0 1 e 15 23KaMoTaCa.133
7523.677404  14 0 1 e 18 0 0 1 e 17 23KaMoTaCa.134
7524.657721  14 0 1 e 20 0 0 1 e 19 23KaMoTaCa.135
7525.562786  14 0 1 e 22 0 0 1 e 21 23KaMoTaCa.136
7525.988081  14 0 1 e 23 0 0 1 e 22 23KaMoTaCa.137
7526.782097  14 0 1 e 25 0 0 1 e 24 23KaMoTaCa.138
7527.151213  14 0 1 e 26 0 0 1 e 25 23KaMoTaCa.139
7527.835915  14 0 1 e 28 0 0 1 e 27 23KaMoTaCa.140
7528.152876  14 0 1 e 29 0 0 1 e 28 23KaMoTaCa.141
7528.444442  14 0 1 e 30 0 0 1 e 29 23KaMoTaCa.142
7528.719707  14 0 1 e 31 0 0 1 e 30 23KaMoTaCa.143
7529.437765  14 0 1 e 34 0 0 1 e 33 23KaMoTaCa.144
7529.613335  12 0 16 e 32 0 0 1 e 33 23KaMoTaCa.145
7529.634038  14 0 1 e 35 0 0 1 e 34 23KaMoTaCa.146
7530.346201  14 0 1 e 40 0 0 1 e 39 23KaMoTaCa.147
7530.429203  14 0 1 e 41 0 0 1 e 40 23KaMoTaCa.148
7530.493436  14 0 1 e 42 0 0 1 e 41 23KaMoTaCa.149
7530.565754  14 0 1 e 44 0 0 1 e 43 23KaMoTaCa.150
7531.062092  12 0 16 e 31 0 0 1 e 32 23KaMoTaCa.151
7532.489185  12 0 16 e 30 0 0 1 e 31 23KaMoTaCa.152
7536.664575  12 0 16 e 27 0 0 1 e 28 23KaMoTaCa.153
7538.018503  12 0 16 e 26 0 0 1 e 27 23KaMoTaCa.154
7539.356378  12 0 16 e 25 0 0 1 e 26 23KaMoTaCa.155
7540.674822  12 0 16 e 24 0 0 1 e 25 23KaMoTaCa.156
7543.25257  12 0 16 e 22 0 0 1 e 23 23KaMoTaCa.157
7544.515609  12 0 16 e 21 0 0 1 e 22 23KaMoTaCa.158
7545.756976  12 0 16 e 20 0 0 1 e 21 23KaMoTaCa.159
7548.188168  12 0 16 e 18 0 0 1 e 19 23KaMoTaCa.160
7550.540989  12 0 16 e 16 0 0 1 e 17 23KaMoTaCa.161
7551.688273  12 0 16 e 15 0 0 1 e 16 23KaMoTaCa.162
7552.262346  15 1 3 f 45 1 1 1 f 46 23KaMoTaCa.163
7552.290373  15 1 3 e 45 1 1 1 e 46 23KaMoTaCa.164
7552.815077  12 0 16 e 14 0 0 1 e 15 23KaMoTaCa.165
7553.925828  12 0 16 e 13 0 0 1 e 14 23KaMoTaCa.166
7555.015397  12 0 16 e 12 0 0 1 e 13 23KaMoTaCa.167
7556.007012  15 1 3 f 43 1 1 1 f 44 23KaMoTaCa.168
7556.039124  15 1 3 e 43 1 1 1 e 44 23KaMoTaCa.169
7557.140746  12 0 16 e 10 0 0 1 e 11 23KaMoTaCa.170
7557.848088  15 1 3 f 42 1 1 1 f 43 23KaMoTaCa.171
7558.17243  12 0 16 e 9 0 0 1 e 10 23KaMoTaCa.172
7559.186533  12 0 16 e 8 0 0 1 e 9 23KaMoTaCa.173
7560.179392  12 0 16 e 7 0 0 1 e 8 23KaMoTaCa.174
7561.152166  12 0 16 e 6 0 0 1 e 7 23KaMoTaCa.175
7563.04344  12 0 16 e 4 0 0 1 e 5 23KaMoTaCa.176
7563.227703  15 1 3 f 39 1 1 1 f 40 23KaMoTaCa.177
7563.261326  15 1 3 e 39 1 1 1 e 40 23KaMoTaCa.178
7563.959879  12 0 16 e 3 0 0 1 e 4 23KaMoTaCa.179
7565.006928  15 1 3 e 38 1 1 1 e 39 23KaMoTaCa.180
7565.23153  14 0 3 e 56 0 0 1 e 57 23KaMoTaCa.181
7568.430683  15 1 3 e 36 1 1 1 e 37 23KaMoTaCa.182
7569.528261  14 0 3 e 54 0 0 1 e 55 23KaMoTaCa.183
7570.076035  15 1 3 f 35 1 1 1 f 36 23KaMoTaCa.184
7570.109885  15 1 3 e 35 1 1 1 e 36 23KaMoTaCa.185
7570.586761  12 0 16 e 4 0 0 1 e 3 23KaMoTaCa.186
7571.326494  12 0 16 e 5 0 0 1 e 4 23KaMoTaCa.187
7571.729678  15 1 3 f 34 1 1 1 f 35 23KaMoTaCa.188
7571.764955  15 1 3 e 34 1 1 1 e 35 23KaMoTaCa.189
7572.748023  12 0 16 e 7 0 0 1 e 6 23KaMoTaCa.190
7573.363954  15 1 3 f 33 1 1 1 f 34 23KaMoTaCa.191
7573.394542  15 1 3 e 33 1 1 1 e 34 23KaMoTaCa.192
7573.429522  12 0 16 e 8 0 0 1 e 7 23KaMoTaCa.193
7573.729019  14 0 3 e 52 0 0 1 e 53 23KaMoTaCa.194
7574.736931  12 0 16 e 10 0 0 1 e 9 23KaMoTaCa.195
7575.360064  12 0 16 e 11 0 0 1 e 10 23KaMoTaCa.196
7578.117282  15 1 3 f 30 1 1 1 f 31 23KaMoTaCa.197
7578.149278  15 1 3 e 30 1 1 1 e 31 23KaMoTaCa.198
7578.187202  12 0 16 e 16 0 0 1 e 15 23KaMoTaCa.199
7578.695493  12 0 16 e 17 0 0 1 e 16 23KaMoTaCa.200
7579.654316  15 1 3 f 29 1 1 1 f 30 23KaMoTaCa.201
7579.687997  15 1 3 e 29 1 1 1 e 30 23KaMoTaCa.202
7579.85534  14 0 3 e 49 0 0 1 e 50 23KaMoTaCa.203
7580.102853  12 0 16 e 20 0 0 1 e 19 23KaMoTaCa.204
7580.946931  12 0 16 e 22 0 0 1 e 21 23KaMoTaCa.205
7581.171201  15 1 3 f 28 1 1 1 f 29 23KaMoTaCa.206
7581.340774  12 0 16 e 23 0 0 1 e 22 23KaMoTaCa.207
7581.711848  12 0 16 e 24 0 0 1 e 23 23KaMoTaCa.208
7581.852806  14 0 3 e 48 0 0 1 e 49 23KaMoTaCa.209
7582.069217  12 0 16 e 25 0 0 1 e 24 23KaMoTaCa.210
7582.405735  12 0 16 e 26 0 0 1 e 25 23KaMoTaCa.211
7582.694787  15 1 3 e 27 1 1 1 e 28 23KaMoTaCa.212
7582.723427  12 0 16 e 27 0 0 1 e 26 23KaMoTaCa.213
7583.302063  12 0 16 e 29 0 0 1 e 28 23KaMoTaCa.214
7583.822549  14 0 3 e 47 0 0 1 e 48 23KaMoTaCa.215
7584.133128  15 1 3 f 26 1 1 1 f 27 23KaMoTaCa.216
7584.427872  12 0 16 e 34 0 0 1 e 33 23KaMoTaCa.217
7584.754129  12 0 16 e 36 0 0 1 e 35 23KaMoTaCa.218
7585.578124  15 1 3 f 25 1 1 1 f 26 23KaMoTaCa.219
7585.772647  14 0 3 e 46 0 0 1 e 47 23KaMoTaCa.220
7587.000248  15 1 3 f 24 1 1 1 f 25 23KaMoTaCa.221
7587.030401  15 1 3 e 24 1 1 1 e 25 23KaMoTaCa.222
7587.697997  14 0 3 e 45 0 0 1 e 46 23KaMoTaCa.223
7588.401327  15 1 3 f 23 1 1 1 f 24 23KaMoTaCa.224
7588.427372  15 1 3 e 23 1 1 1 e 24 23KaMoTaCa.225
7589.599319  14 0 3 e 44 0 0 1 e 45 23KaMoTaCa.226
7589.775887  15 1 3 f 22 1 1 1 f 23 23KaMoTaCa.227
7591.129853  15 1 3 f 21 1 1 1 f 22 23KaMoTaCa.228
7591.157417  15 1 3 e 21 1 1 1 e 22 23KaMoTaCa.229
7591.477576  14 0 3 e 43 0 0 1 e 44 23KaMoTaCa.230
7592.458856  15 1 3 f 20 1 1 1 f 21 23KaMoTaCa.231
7592.485883  15 1 3 e 20 1 1 1 e 21 23KaMoTaCa.232
7593.332007  14 0 3 e 42 0 0 1 e 43 23KaMoTaCa.233
7593.765903  15 1 3 f 19 1 1 1 f 20 23KaMoTaCa.234
7593.791527  15 1 3 e 19 1 1 1 e 20 23KaMoTaCa.235
7595.07499  15 1 3 e 18 1 1 1 e 19 23KaMoTaCa.236
7595.162284  14 0 3 e 41 0 0 1 e 42 23KaMoTaCa.237
7596.311852  15 1 3 f 17 1 1 1 f 18 23KaMoTaCa.238
7596.332492  15 1 3 e 17 1 1 1 e 18 23KaMoTaCa.239
7596.969686  14 0 3 e 40 0 0 1 e 41 23KaMoTaCa.240
7597.543773  15 1 3 f 16 1 1 1 f 17 23KaMoTaCa.241
7597.567847  15 1 3 e 16 1 1 1 e 17 23KaMoTaCa.242
7598.755796  14 0 3 e 39 0 0 1 e 40 23KaMoTaCa.243
7598.779591  15 1 3 e 15 1 1 1 e 16 23KaMoTaCa.244
7599.948448  15 1 3 f 14 1 1 1 f 15 23KaMoTaCa.245
7599.969118  15 1 3 e 14 1 1 1 e 15 23KaMoTaCa.246
7600.51514  14 0 3 e 38 0 0 1 e 39 23KaMoTaCa.247
7601.114632  15 1 3 f 13 1 1 1 f 14 23KaMoTaCa.248
7601.134459  15 1 3 e 13 1 1 1 e 14 23KaMoTaCa.249
7602.253561  14 0 3 e 37 0 0 1 e 38 23KaMoTaCa.250
7602.276259  15 1 3 e 12 1 1 1 e 13 23KaMoTaCa.251
7603.378424  15 1 3 f 11 1 1 1 f 12 23KaMoTaCa.252
7603.396311  15 1 3 e 11 1 1 1 e 12 23KaMoTaCa.253
7604.474943  15 1 3 f 10 1 1 1 f 11 23KaMoTaCa.254
7604.490752  15 1 3 e 10 1 1 1 e 11 23KaMoTaCa.255
7605.547995  15 1 3 f 9 1 1 1 f 10 23KaMoTaCa.256
7605.562499  15 1 3 e 9 1 1 1 e 10 23KaMoTaCa.257
7605.65575  14 0 3 e 35 0 0 1 e 36 23KaMoTaCa.258
7606.611717  15 1 3 e 8 1 1 1 e 9 23KaMoTaCa.259
7607.322113  14 0 3 e 34 0 0 1 e 35 23KaMoTaCa.260
7607.624656  15 1 3 f 7 1 1 1 f 8 23KaMoTaCa.261
7607.636461  15 1 3 e 7 1 1 1 e 8 23KaMoTaCa.262
7608.628727  15 1 3 f 6 1 1 1 f 7 23KaMoTaCa.263
7608.639584  15 1 3 e 6 1 1 1 e 7 23KaMoTaCa.264
7608.964696  14 0 3 e 33 0 0 1 e 34 23KaMoTaCa.265
7609.610212  15 1 3 f 5 1 1 1 f 6 23KaMoTaCa.266
7610.569821  15 1 3 e 4 1 1 1 e 5 23KaMoTaCa.267
7610.584432  14 0 3 e 32 0 0 1 e 33 23KaMoTaCa.268
7611.502012  15 1 3 e 3 1 1 1 e 4 23KaMoTaCa.269
7612.180231  14 0 3 e 31 0 0 1 e 32 23KaMoTaCa.270
7613.752085  14 0 3 e 30 0 0 1 e 31 23KaMoTaCa.271
7614.471901  15 1 3 e 6 1 1 1 f 6 23KaMoTaCa.272
7614.846816  15 1 3 e 3 1 1 1 f 3 23KaMoTaCa.273
7614.868349  15 1 3 f 3 1 1 1 e 3 23KaMoTaCa.274
7614.921021  15 1 3 e 2 1 1 1 f 2 23KaMoTaCa.275
7614.933123  15 1 3 f 2 1 1 1 e 2 23KaMoTaCa.276
7616.825261  14 0 3 e 28 0 0 1 e 29 23KaMoTaCa.277
7617.375653  15 1 3 f 3 1 1 1 f 2 23KaMoTaCa.278
7618.326526  14 0 3 e 27 0 0 1 e 28 23KaMoTaCa.279
7618.841485  15 1 3 e 5 1 1 1 e 4 23KaMoTaCa.280
7619.536009  15 1 3 e 6 1 1 1 e 5 23KaMoTaCa.281
7619.546202  15 1 3 f 6 1 1 1 f 5 23KaMoTaCa.282
7619.804049  14 0 3 e 26 0 0 1 e 27 23KaMoTaCa.283
7620.210665  15 1 3 e 7 1 1 1 e 6 23KaMoTaCa.284
7620.222101  15 1 3 f 7 1 1 1 f 6 23KaMoTaCa.285
7620.859442  15 1 3 e 8 1 1 1 e 7 23KaMoTaCa.286
7620.876006  15 1 3 f 8 1 1 1 f 7 23KaMoTaCa.287
7621.258241  14 0 3 e 25 0 0 1 e 26 23KaMoTaCa.288
7621.488424  15 1 3 e 9 1 1 1 e 8 23KaMoTaCa.289
7621.504232  15 1 3 f 9 1 1 1 f 8 23KaMoTaCa.290
7622.092594  15 1 3 e 10 1 1 1 e 9 23KaMoTaCa.291
7622.11297  15 1 3 f 10 1 1 1 f 9 23KaMoTaCa.292
7622.673909  15 1 3 e 11 1 1 1 e 10 23KaMoTaCa.293
7622.68936  14 0 3 e 24 0 0 1 e 25 23KaMoTaCa.294
7623.762165  15 1 3 e 13 1 1 1 e 12 23KaMoTaCa.295
7623.786768  15 1 3 f 13 1 1 1 f 12 23KaMoTaCa.296
7624.095316  14 0 3 e 23 0 0 1 e 24 23KaMoTaCa.297
7624.273307  15 1 3 e 14 1 1 1 e 13 23KaMoTaCa.298
7624.759225  15 1 3 e 15 1 1 1 e 14 23KaMoTaCa.299
7624.78785  15 1 3 f 15 1 1 1 f 14 23KaMoTaCa.300
7625.222672  15 1 3 e 16 1 1 1 e 15 23KaMoTaCa.301
7625.252994  15 1 3 f 16 1 1 1 f 15 23KaMoTaCa.302
7625.478725  14 0 3 e 22 0 0 1 e 23 23KaMoTaCa.303
7625.696089  15 1 3 f 17 1 1 1 f 16 23KaMoTaCa.304
7626.078353  15 1 3 e 18 1 1 1 e 17 23KaMoTaCa.305
7626.113658  15 1 3 f 18 1 1 1 f 17 23KaMoTaCa.306
7626.470291  15 1 3 e 19 1 1 1 e 18 23KaMoTaCa.307
7626.50855  15 1 3 f 19 1 1 1 f 18 23KaMoTaCa.308
7626.838656  14 0 3 e 21 0 0 1 e 22 23KaMoTaCa.309
7626.880553  15 1 3 f 20 1 1 1 f 19 23KaMoTaCa.310
7627.185375  15 1 3 e 21 1 1 1 e 20 23KaMoTaCa.311
7627.226139  15 1 3 f 21 1 1 1 f 20 23KaMoTaCa.312
7627.55402  15 1 3 f 22 1 1 1 f 21 23KaMoTaCa.313
7627.855853  15 1 3 f 23 1 1 1 f 22 23KaMoTaCa.314
7628.082081  15 1 3 e 24 1 1 1 e 23 23KaMoTaCa.315
7628.132015  15 1 3 f 24 1 1 1 f 23 23KaMoTaCa.316
7628.174078  14 0 3 e 20 0 0 1 e 21 23KaMoTaCa.317
7628.386572  15 1 3 f 25 1 1 1 f 24 23KaMoTaCa.318
7628.616877  15 1 3 f 26 1 1 1 f 25 23KaMoTaCa.319
7628.651373  15 1 3 e 44 1 1 1 e 43 23KaMoTaCa.320
7628.768716  15 1 3 e 27 1 1 1 e 26 23KaMoTaCa.321
7628.82445  15 1 3 f 27 1 1 1 f 26 23KaMoTaCa.322
7628.848964  15 1 3 e 43 1 1 1 e 42 23KaMoTaCa.323
7628.94838  15 1 3 e 28 1 1 1 e 27 23KaMoTaCa.324
7629.009264  15 1 3 f 28 1 1 1 f 27 23KaMoTaCa.325
7629.10658  15 1 3 e 29 1 1 1 e 28 23KaMoTaCa.326
7629.123541  15 1 3 f 42 1 1 1 f 41 23KaMoTaCa.327
7629.170667  15 1 3 f 29 1 1 1 f 28 23KaMoTaCa.328
7629.303871  15 1 3 f 30 1 1 1 f 29 23KaMoTaCa.329
7629.35067  15 1 3 e 31 1 1 1 e 30 23KaMoTaCa.330
7629.418735  15 1 3 f 31 1 1 1 f 30 23KaMoTaCa.331
7629.437599  15 1 3 e 32 1 1 1 e 31 23KaMoTaCa.332
7629.486365  14 0 3 e 19 0 0 1 e 20 23KaMoTaCa.333
7629.57662  15 1 3 f 33 1 1 1 f 32 23KaMoTaCa.334
7629.617047  15 1 3 f 34 1 1 1 f 33 23KaMoTaCa.335
7629.6387  15 1 3 f 35 1 1 1 f 34 23KaMoTaCa.336
7630.775046  14 0 3 e 18 0 0 1 e 19 23KaMoTaCa.337
7632.039103  14 0 3 e 17 0 0 1 e 18 23KaMoTaCa.338
7633.281263  14 0 3 e 16 0 0 1 e 17 23KaMoTaCa.339
7634.498457  14 0 3 e 15 0 0 1 e 16 23KaMoTaCa.340
7635.692122  14 0 3 e 14 0 0 1 e 15 23KaMoTaCa.341
7636.862556  14 0 3 e 13 0 0 1 e 14 23KaMoTaCa.342
7638.008908  14 0 3 e 12 0 0 1 e 13 23KaMoTaCa.343
7639.131696  14 0 3 e 11 0 0 1 e 12 23KaMoTaCa.344
7640.230282  14 0 3 e 10 0 0 1 e 11 23KaMoTaCa.345
7642.357528  14 0 3 e 8 0 0 1 e 9 23KaMoTaCa.346
7643.384904  14 0 3 e 7 0 0 1 e 8 23KaMoTaCa.347
7644.389676  14 0 3 e 6 0 0 1 e 7 23KaMoTaCa.348
7645.370123  14 0 3 e 5 0 0 1 e 6 23KaMoTaCa.349
7646.326462  14 0 3 e 4 0 0 1 e 5 23KaMoTaCa.350
7647.25947  14 0 3 e 3 0 0 1 e 4 23KaMoTaCa.351
7648.16893  14 0 3 e 2 0 0 1 e 3 23KaMoTaCa.352
7649.054612  14 0 3 e 1 0 0 1 e 2 23KaMoTaCa.353
7652.358489  14 0 3 e 2 0 0 1 e 1 23KaMoTaCa.354
