3582.67803 0.002 6 0 5 e 17 0 0 1 e 16 76Am.1
3583.50186 0.002 6 0 5 e 18 0 0 1 e 17 76Am.2
3584.32507 0.002 6 0 5 e 19 0 0 1 e 18 76Am.3
3585.14578 0.002 6 0 5 e 20 0 0 1 e 19 76Am.4
3585.96498 0.002 6 0 5 e 21 0 0 1 e 20 76Am.5
3586.78222 0.002 6 0 5 e 22 0 0 1 e 21 76Am.6
3587.59680 0.002 6 0 5 e 23 0 0 1 e 22 76Am.7
3588.40992 0.002 6 0 5 e 24 0 0 1 e 23 76Am.8
3589.21959 0.002 6 0 5 e 25 0 0 1 e 24 76Am.9
3590.02948 0.002 6 0 5 e 26 0 0 1 e 25 76Am.10
3590.83190 0.002 6 0 5 e 27 0 0 1 e 26 76Am.11
3591.63506 0.002 6 0 5 e 28 0 0 1 e 27 76Am.12
3592.43486 0.002 6 0 5 e 29 0 0 1 e 28 76Am.13
3594.02222 0.002 6 0 5 e 31 0 0 1 e 30 76Am.14
3594.81210 0.002 6 0 5 e 32 0 0 1 e 31 76Am.15
3595.59853 0.002 6 0 5 e 33 0 0 1 e 32 76Am.16
3597.15886 0.002 6 0 5 e 35 0 0 1 e 34 76Am.17
3597.93146 0.002 6 0 5 e 36 0 0 1 e 35 76Am.18
3664.22723 0.002 6 0 4 e 46 0 0 1 e 47 76Am.19
3665.34285 0.002 6 0 4 e 45 0 0 1 e 46 76Am.20
3666.45010 0.002 6 0 4 e 44 0 0 1 e 45 76Am.21
3667.55076 0.002 6 0 4 e 43 0 0 1 e 44 76Am.22
3668.64433 0.002 6 0 4 e 42 0 0 1 e 43 76Am.23
3669.73043 0.002 6 0 4 e 41 0 0 1 e 42 76Am.24
3671.88411 0.002 6 0 4 e 39 0 0 1 e 40 76Am.25
3672.95121 0.002 6 0 4 e 38 0 0 1 e 39 76Am.26
3674.01077 0.002 6 0 4 e 37 0 0 1 e 38 76Am.27
3675.06440 0.002 6 0 4 e 36 0 0 1 e 37 76Am.28
3677.15159 0.002 6 0 4 e 34 0 0 1 e 35 76Am.29
3678.18570 0.002 6 0 4 e 33 0 0 1 e 34 76Am.30
3679.21351 0.002 6 0 4 e 32 0 0 1 e 33 76Am.31
3680.23446 0.002 6 0 4 e 31 0 0 1 e 32 76Am.32
3680.29668 0.002 7 1 5 f 30 1 1 1 f 31 76Am.33
3680.46485 0.002 7 1 5 e 29 1 1 1 e 30 76Am.34
3681.24942 0.002 6 0 4 e 30 0 0 1 e 31 76Am.35
3681.27960 0.002 7 1 5 f 29 1 1 1 f 30 76Am.36
3682.25815 0.002 6 0 4 e 29 0 0 1 e 30 76Am.37
3682.52534 0.002 7 1 5 e 27 1 1 1 e 28 76Am.38
3683.22892 0.002 7 1 5 f 27 1 1 1 f 28 76Am.39
3683.26072 0.002 6 0 4 e 28 0 0 1 e 29 76Am.40
3684.25723 0.002 6 0 4 e 27 0 0 1 e 28 76Am.41
3685.24734 0.002 6 0 4 e 26 0 0 1 e 27 76Am.42
3685.56376 0.002 7 1 5 e 24 1 1 1 e 25 76Am.43
3686.11899 0.002 7 1 5 f 24 1 1 1 f 25 76Am.44
3686.23151 0.002 6 0 4 e 25 0 0 1 e 26 76Am.45
3686.56271 0.002 7 1 5 e 23 1 1 1 e 24 76Am.46
3687.07255 0.002 7 1 5 f 23 1 1 1 f 24 76Am.47
3687.21033 0.002 6 0 4 e 24 0 0 1 e 25 76Am.48
3687.55505 0.002 7 1 5 e 22 1 1 1 e 23 76Am.49
3688.02122 0.002 7 1 5 f 22 1 1 1 f 23 76Am.50
3688.18273 0.002 6 0 4 e 23 0 0 1 e 24 76Am.51
3688.96393 0.002 7 1 5 f 21 1 1 1 f 22 76Am.52
3689.14848 0.002 6 0 4 e 22 0 0 1 e 23 76Am.53
3689.51969 0.002 7 1 5 e 20 1 1 1 e 21 76Am.54
3689.90326 0.002 7 1 5 f 20 1 1 1 f 21 76Am.55
3690.10911 0.002 6 0 4 e 21 0 0 1 e 22 76Am.56
3690.49206 0.002 7 1 5 e 19 1 1 1 e 20 76Am.57
3690.83697 0.002 7 1 5 f 19 1 1 1 f 20 76Am.58
3691.06384 0.002 6 0 4 e 20 0 0 1 e 21 76Am.59
3691.45697 0.002 7 1 5 e 18 1 1 1 e 19 76Am.60
3691.76601 0.002 7 1 5 f 18 1 1 1 f 19 76Am.61
3692.01256 0.002 6 0 4 e 19 0 0 1 e 20 76Am.62
3692.41558 0.002 7 1 5 e 17 1 1 1 e 18 76Am.63
3692.69107 0.002 7 1 5 f 17 1 1 1 f 18 76Am.64
3692.95570 0.002 6 0 4 e 18 0 0 1 e 19 76Am.65
3693.36699 0.002 7 1 5 e 16 1 1 1 e 17 76Am.66
3693.60996 0.002 7 1 5 f 16 1 1 1 f 17 76Am.67
3693.89325 0.002 6 0 4 e 17 0 0 1 e 18 76Am.68
3694.82492 0.002 6 0 4 e 16 0 0 1 e 17 76Am.69
3695.43520 0.002 7 1 5 f 14 1 1 1 f 15 76Am.70
3695.75087 0.002 6 0 4 e 15 0 0 1 e 16 76Am.71
3696.33986 0.002 7 1 5 f 13 1 1 1 f 14 76Am.72
3697.10723 0.002 7 1 5 e 12 1 1 1 e 13 76Am.73
3697.24094 0.002 7 1 5 f 12 1 1 1 f 13 76Am.74
3698.02534 0.002 7 1 5 e 11 1 1 1 e 12 76Am.75
3698.13772 0.002 7 1 5 f 11 1 1 1 f 12 76Am.76
3698.49526 0.002 6 0 4 e 12 0 0 1 e 13 76Am.77
3698.93721 0.002 7 1 5 e 10 1 1 1 e 11 76Am.78
3699.02853 0.002 7 1 5 f 10 1 1 1 f 11 76Am.79
3699.84219 0.002 7 1 5 e 9 1 1 1 e 10 76Am.80
3699.91528 0.002 7 1 5 f 9 1 1 1 f 10 76Am.81
3700.29697 0.002 6 0 4 e 10 0 0 1 e 11 76Am.82
3700.74020 0.002 7 1 5 e 8 1 1 1 e 9 76Am.83
3700.79712 0.002 7 1 5 f 8 1 1 1 f 9 76Am.84
3701.18961 0.002 6 0 4 e 9 0 0 1 e 10 76Am.85
3701.63175 0.002 7 1 5 e 7 1 1 1 e 8 76Am.86
3701.67492 0.002 7 1 5 f 7 1 1 1 f 8 76Am.87
3702.07649 0.002 6 0 4 e 8 0 0 1 e 9 76Am.88
3702.51623 0.002 7 1 5 e 6 1 1 1 e 7 76Am.89
3702.54754 0.002 7 1 5 f 6 1 1 1 f 7 76Am.90
3702.95839 0.002 6 0 4 e 7 0 0 1 e 8 76Am.91
3703.39429 0.002 7 1 5 e 5 1 1 1 e 6 76Am.92
3703.41411 0.002 7 1 5 f 5 1 1 1 f 6 76Am.93
3703.83422 0.002 6 0 4 e 6 0 0 1 e 7 76Am.94
3704.70496 0.002 6 0 4 e 5 0 0 1 e 6 76Am.95
3705.56995 0.002 6 0 4 e 4 0 0 1 e 5 76Am.96
3706.42969 0.002 6 0 4 e 3 0 0 1 e 4 76Am.97
3708.13292 0.002 6 0 4 e 1 0 0 1 e 2 76Am.98
3711.47396 0.002 6 0 4 e 2 0 0 1 e 1 76Am.99
3711.83645 0.002 7 1 5 f 4 1 1 1 f 3 76Am.100
3712.65266 0.002 7 1 5 f 5 1 1 1 f 4 76Am.101
3713.11158 0.002 6 0 4 e 4 0 0 1 e 3 76Am.102
3713.92229 0.002 6 0 4 e 5 0 0 1 e 4 76Am.103
3714.20459 0.002 7 1 5 e 7 1 1 1 e 6 76Am.104
3714.27137 0.002 7 1 5 f 7 1 1 1 f 6 76Am.105
3714.72749 0.002 6 0 4 e 6 0 0 1 e 5 76Am.106
3714.98899 0.002 7 1 5 e 8 1 1 1 e 7 76Am.107
3715.07381 0.002 7 1 5 f 8 1 1 1 f 7 76Am.108
3715.52710 0.002 6 0 4 e 7 0 0 1 e 6 76Am.109
3716.32115 0.002 6 0 4 e 8 0 0 1 e 7 76Am.110
3716.53771 0.002 7 1 5 e 10 1 1 1 e 9 76Am.111
3716.66302 0.002 7 1 5 f 10 1 1 1 f 9 76Am.112
3717.10940 0.002 6 0 4 e 9 0 0 1 e 8 76Am.113
3717.30270 0.002 7 1 5 e 11 1 1 1 e 10 76Am.114
3717.45140 0.002 7 1 5 f 11 1 1 1 f 10 76Am.115
3717.89255 0.002 6 0 4 e 10 0 0 1 e 9 76Am.116
3718.06026 0.002 7 1 5 e 12 1 1 1 e 11 76Am.117
3718.23440 0.002 7 1 5 f 12 1 1 1 f 11 76Am.118
3718.66988 0.002 6 0 4 e 11 0 0 1 e 10 76Am.119
3718.81080 0.002 7 1 5 e 13 1 1 1 e 12 76Am.120
3719.01248 0.002 7 1 5 f 13 1 1 1 f 12 76Am.121
3719.44164 0.002 6 0 4 e 12 0 0 1 e 11 76Am.122
3719.55474 0.002 7 1 5 e 14 1 1 1 e 13 76Am.123
3719.78580 0.002 7 1 5 f 14 1 1 1 f 13 76Am.124
3720.20769 0.002 6 0 4 e 13 0 0 1 e 12 76Am.125
3720.29153 0.002 7 1 5 e 15 1 1 1 e 14 76Am.126
3720.55449 0.002 7 1 5 f 15 1 1 1 f 14 76Am.127
3720.96799 0.002 6 0 4 e 14 0 0 1 e 13 76Am.128
3721.02235 0.002 7 1 5 e 16 1 1 1 e 15 76Am.129
3721.31810 0.002 7 1 5 f 16 1 1 1 f 15 76Am.130
3721.72243 0.002 6 0 4 e 15 0 0 1 e 14 76Am.131
3722.07732 0.002 7 1 5 f 17 1 1 1 f 16 76Am.132
3722.47110 0.002 6 0 4 e 16 0 0 1 e 15 76Am.133
3723.21438 0.002 6 0 4 e 17 0 0 1 e 16 76Am.134
3723.57991 0.002 7 1 5 f 19 1 1 1 f 18 76Am.135
3723.87423 0.002 7 1 5 e 20 1 1 1 e 19 76Am.136
3723.95168 0.002 6 0 4 e 18 0 0 1 e 17 76Am.137
3724.32372 0.002 7 1 5 f 20 1 1 1 f 19 76Am.138
3724.57009 0.002 7 1 5 e 21 1 1 1 e 20 76Am.139
3724.68287 0.002 6 0 4 e 19 0 0 1 e 18 76Am.140
3725.06308 0.002 7 1 5 f 21 1 1 1 f 20 76Am.141
3725.25918 0.002 7 1 5 e 22 1 1 1 e 21 76Am.142
3725.40810 0.002 6 0 4 e 20 0 0 1 e 19 76Am.143
3725.79722 0.002 7 1 5 f 22 1 1 1 f 21 76Am.144
3725.94048 0.002 7 1 5 e 23 1 1 1 e 22 76Am.145
3726.12758 0.002 6 0 4 e 21 0 0 1 e 20 76Am.146
3726.52661 0.002 7 1 5 f 23 1 1 1 f 22 76Am.147
3726.84082 0.002 6 0 4 e 22 0 0 1 e 21 76Am.148
3727.24983 0.002 7 1 5 f 24 1 1 1 f 23 76Am.149
3727.28365 0.002 7 1 5 e 25 1 1 1 e 24 76Am.150
3727.54829 0.002 6 0 4 e 23 0 0 1 e 22 76Am.151
3727.94318 0.002 7 1 5 e 26 1 1 1 e 25 76Am.152
3727.96868 0.002 7 1 5 f 25 1 1 1 f 24 76Am.153
3728.24948 0.002 6 0 4 e 24 0 0 1 e 23 76Am.154
3728.59729 0.002 7 1 5 e 27 1 1 1 e 26 76Am.155
3728.68223 0.002 7 1 5 f 26 1 1 1 f 25 76Am.156
3728.94432 0.002 6 0 4 e 25 0 0 1 e 24 76Am.157
3729.24329 0.002 7 1 5 e 28 1 1 1 e 27 76Am.158
3729.39092 0.002 7 1 5 f 27 1 1 1 f 26 76Am.159
3729.63329 0.002 6 0 4 e 26 0 0 1 e 25 76Am.160
3729.88268 0.002 7 1 5 e 29 1 1 1 e 28 76Am.161
3730.31580 0.002 6 0 4 e 27 0 0 1 e 26 76Am.162
3730.51521 0.002 7 1 5 e 30 1 1 1 e 29 76Am.163
3730.79303 0.002 7 1 5 f 29 1 1 1 f 28 76Am.164
3731.14028 0.002 7 1 5 e 31 1 1 1 e 30 76Am.165
3731.48520 0.002 7 1 5 f 30 1 1 1 f 29 76Am.166
3731.66168 0.002 6 0 4 e 29 0 0 1 e 28 76Am.167
3731.75812 0.002 7 1 5 e 32 1 1 1 e 31 76Am.168
3732.32495 0.002 6 0 4 e 30 0 0 1 e 29 76Am.169
3732.98184 0.002 6 0 4 e 31 0 0 1 e 30 76Am.170
3733.63234 0.002 6 0 4 e 32 0 0 1 e 31 76Am.171
3735.54319 0.002 6 0 4 e 35 0 0 1 e 34 76Am.172
3736.16727 0.002 6 0 4 e 36 0 0 1 e 35 76Am.173
3737.39384 0.002 6 0 4 e 38 0 0 1 e 37 76Am.174
3737.99659 0.002 6 0 4 e 39 0 0 1 e 38 76Am.175
3738.59239 0.002 6 0 4 e 40 0 0 1 e 39 76Am.176
3739.18096 0.002 6 0 4 e 41 0 0 1 e 40 76Am.177
3739.76284 0.002 6 0 4 e 42 0 0 1 e 41 76Am.178
3740.33728 0.002 6 0 4 e 43 0 0 1 e 42 76Am.179
3740.90406 0.002 6 0 4 e 44 0 0 1 e 43 76Am.180
3741.46424 0.002 6 0 4 e 45 0 0 1 e 44 76Am.181
3755.81460 0.002 6 0 6 e 53 0 0 1 e 54 76Am.182
3757.21725 0.002 6 0 6 e 52 0 0 1 e 53 76Am.183
3758.61054 0.002 6 0 6 e 51 0 0 1 e 52 76Am.184
3759.99248 0.002 6 0 6 e 50 0 0 1 e 51 76Am.185
3761.36461 0.002 6 0 6 e 49 0 0 1 e 50 76Am.186
3762.72678 0.002 6 0 6 e 48 0 0 1 e 49 76Am.187
3764.07817 0.002 6 0 6 e 47 0 0 1 e 48 76Am.188
3765.41946 0.002 6 0 6 e 46 0 0 1 e 47 76Am.189
3766.74997 0.002 6 0 6 e 45 0 0 1 e 46 76Am.190
3768.07058 0.002 6 0 6 e 44 0 0 1 e 45 76Am.191
3769.38088 0.002 6 0 6 e 43 0 0 1 e 44 76Am.192
3770.68019 0.002 6 0 6 e 42 0 0 1 e 43 76Am.193
3771.96948 0.002 6 0 6 e 41 0 0 1 e 42 76Am.194
3773.24812 0.002 6 0 6 e 40 0 0 1 e 41 76Am.195
3774.51617 0.002 6 0 6 e 39 0 0 1 e 40 76Am.196
3775.77382 0.002 6 0 6 e 38 0 0 1 e 39 76Am.197
3777.02090 0.002 6 0 6 e 37 0 0 1 e 38 76Am.198
3778.25766 0.002 6 0 6 e 36 0 0 1 e 37 76Am.199
3780.69868 0.002 6 0 6 e 34 0 0 1 e 35 76Am.200
3781.90385 0.002 6 0 6 e 33 0 0 1 e 34 76Am.201
3783.09761 0.002 6 0 6 e 32 0 0 1 e 33 76Am.202
3784.28138 0.002 6 0 6 e 31 0 0 1 e 32 76Am.203
3785.45416 0.002 6 0 6 e 30 0 0 1 e 31 76Am.204
3786.61676 0.002 6 0 6 e 29 0 0 1 e 30 76Am.205
3787.76832 0.002 6 0 6 e 28 0 0 1 e 29 76Am.206
3788.90933 0.002 6 0 6 e 27 0 0 1 e 28 76Am.207
3790.03931 0.002 6 0 6 e 26 0 0 1 e 27 76Am.208
3791.15921 0.002 6 0 6 e 25 0 0 1 e 26 76Am.209
3792.26766 0.002 6 0 6 e 24 0 0 1 e 25 76Am.210
3792.95435 0.002 7 1 6 f 36 1 1 1 f 37 76Am.211
3793.36588 0.002 6 0 6 e 23 0 0 1 e 24 76Am.212
3795.33868 0.002 7 1 6 f 34 1 1 1 f 35 76Am.213
3796.17623 0.002 7 1 6 e 33 1 1 1 e 34 76Am.214
3796.51636 0.002 7 1 6 f 33 1 1 1 f 34 76Am.215
3796.59540 0.002 6 0 6 e 20 0 0 1 e 21 76Am.216
3797.36760 0.002 7 1 6 e 32 1 1 1 e 33 76Am.217
3797.64974 0.002 6 0 6 e 19 0 0 1 e 20 76Am.218
3797.68446 0.002 7 1 6 f 32 1 1 1 f 33 76Am.219
3798.54676 0.002 7 1 6 e 31 1 1 1 e 32 76Am.220
3798.69421 0.002 6 0 6 e 18 0 0 1 e 19 76Am.221
3798.84414 0.002 7 1 6 f 31 1 1 1 f 32 76Am.222
3799.72826 0.002 6 0 6 e 17 0 0 1 e 18 76Am.223
3799.99262 0.002 7 1 6 f 30 1 1 1 f 31 76Am.224
3800.75126 0.002 6 0 6 e 16 0 0 1 e 17 76Am.225
3800.87590 0.002 7 1 6 e 29 1 1 1 e 30 76Am.226
3801.13240 0.002 7 1 6 f 29 1 1 1 f 30 76Am.227
3801.76267 0.002 6 0 6 e 15 0 0 1 e 16 76Am.228
3802.02303 0.002 7 1 6 e 28 1 1 1 e 29 76Am.229
3802.26168 0.002 7 1 6 f 28 1 1 1 f 29 76Am.230
3802.76334 0.002 6 0 6 e 14 0 0 1 e 15 76Am.231
3803.15902 0.002 7 1 6 e 27 1 1 1 e 28 76Am.232
3803.38105 0.002 7 1 6 f 27 1 1 1 f 28 76Am.233
3803.75354 0.002 6 0 6 e 13 0 0 1 e 14 76Am.234
3804.28046 0.002 7 1 6 e 26 1 1 1 e 27 76Am.235
3804.49100 0.002 7 1 6 f 26 1 1 1 f 27 76Am.236
3804.73301 0.002 6 0 6 e 12 0 0 1 e 13 76Am.237
3805.42547 0.002 7 1 6 e 25 1 1 1 e 26 76Am.238
3805.59104 0.002 7 1 6 f 25 1 1 1 f 26 76Am.239
3805.70193 0.002 6 0 6 e 11 0 0 1 e 12 76Am.240
3806.51985 0.002 7 1 6 e 24 1 1 1 e 25 76Am.241
3806.65997 0.002 6 0 6 e 10 0 0 1 e 11 76Am.242
3806.68102 0.002 7 1 6 f 24 1 1 1 f 25 76Am.243
3807.60671 0.002 6 0 6 e 9 0 0 1 e 10 76Am.244
3807.76123 0.002 7 1 6 f 23 1 1 1 f 24 76Am.245
3808.54173 0.002 6 0 6 e 8 0 0 1 e 9 76Am.246
3808.69711 0.002 7 1 6 e 22 1 1 1 e 23 76Am.247
3809.46696 0.002 6 0 6 e 7 0 0 1 e 8 76Am.248
3809.77109 0.002 7 1 6 e 21 1 1 1 e 22 76Am.249
3809.89220 0.002 7 1 6 f 21 1 1 1 f 22 76Am.250
3810.38140 0.002 6 0 6 e 6 0 0 1 e 7 76Am.251
3810.83414 0.002 7 1 6 e 20 1 1 1 e 21 76Am.252
3810.94277 0.002 7 1 6 f 20 1 1 1 f 21 76Am.253
3811.28502 0.002 6 0 6 e 5 0 0 1 e 6 76Am.254
3811.88730 0.002 7 1 6 e 19 1 1 1 e 20 76Am.255
3811.98344 0.002 7 1 6 f 19 1 1 1 f 20 76Am.256
3812.17724 0.002 6 0 6 e 4 0 0 1 e 5 76Am.257
3812.92935 0.002 7 1 6 e 18 1 1 1 e 19 76Am.258
3813.01472 0.002 7 1 6 f 18 1 1 1 f 19 76Am.259
3813.05845 0.002 6 0 6 e 3 0 0 1 e 4 76Am.260
3813.92919 0.002 6 0 6 e 2 0 0 1 e 3 76Am.261
3813.96028 0.002 7 1 6 e 17 1 1 1 e 18 76Am.262
3814.03551 0.002 7 1 6 f 17 1 1 1 f 18 76Am.263
3814.78916 0.002 6 0 6 e 1 0 0 1 e 2 76Am.264
3814.98174 0.002 7 1 6 e 16 1 1 1 e 17 76Am.265
3815.04637 0.002 7 1 6 f 16 1 1 1 f 17 76Am.266
3816.99111 0.002 7 1 6 e 14 1 1 1 e 15 76Am.267
3817.03782 0.002 7 1 6 f 14 1 1 1 f 15 76Am.268
3817.97978 0.002 7 1 6 e 13 1 1 1 e 14 76Am.269
3818.01889 0.002 7 1 6 f 13 1 1 1 f 14 76Am.270
3818.92404 0.002 6 0 6 e 3 0 0 1 e 2 76Am.271
3818.95778 0.002 7 1 6 e 12 1 1 1 e 13 76Am.272
3818.98953 0.002 7 1 6 f 12 1 1 1 f 13 76Am.273
3819.71873 0.002 6 0 6 e 4 0 0 1 e 3 76Am.274
3819.95027 0.002 7 1 6 f 11 1 1 1 f 12 76Am.275
3820.50178 0.002 6 0 6 e 5 0 0 1 e 4 76Am.276
3820.88181 0.002 7 1 6 e 10 1 1 1 e 11 76Am.277
3820.90131 0.002 7 1 6 f 10 1 1 1 f 11 76Am.278
3821.27527 0.002 6 0 6 e 6 0 0 1 e 5 76Am.279
3821.82777 0.002 7 1 6 e 9 1 1 1 e 10 76Am.280
3821.84165 0.002 7 1 6 f 9 1 1 1 f 10 76Am.281
3822.03607 0.002 6 0 6 e 7 0 0 1 e 6 76Am.282
3822.78621 0.002 6 0 6 e 8 0 0 1 e 7 76Am.283
3823.52592 0.002 6 0 6 e 9 0 0 1 e 8 76Am.284
3825.67949 0.002 6 0 6 e 12 0 0 1 e 11 76Am.285
3826.37521 0.002 6 0 6 e 13 0 0 1 e 12 76Am.286
3827.06104 0.002 6 0 6 e 14 0 0 1 e 13 76Am.287
3827.73403 0.002 6 0 6 e 15 0 0 1 e 14 76Am.288
3829.04963 0.002 6 0 6 e 17 0 0 1 e 16 76Am.289
3830.32010 0.002 6 0 6 e 19 0 0 1 e 18 76Am.290
3830.93858 0.002 6 0 6 e 20 0 0 1 e 19 76Am.291
3831.54878 0.002 6 0 6 e 21 0 0 1 e 20 76Am.292
3832.14580 0.002 6 0 6 e 22 0 0 1 e 21 76Am.293
3832.73076 0.002 6 0 6 e 23 0 0 1 e 22 76Am.294
3833.87096 0.002 6 0 6 e 25 0 0 1 e 24 76Am.295
3833.94051 0.002 7 1 6 e 4 1 1 1 e 3 76Am.296
3833.95221 0.002 7 1 6 f 4 1 1 1 f 3 76Am.297
3834.42467 0.002 6 0 6 e 26 0 0 1 e 25 76Am.298
3834.72393 0.002 7 1 6 e 5 1 1 1 e 4 76Am.299
3834.74216 0.002 7 1 6 f 5 1 1 1 f 4 76Am.300
3835.52183 0.002 7 1 6 f 6 1 1 1 f 5 76Am.301
3836.25989 0.002 7 1 6 e 7 1 1 1 e 6 76Am.302
3836.28993 0.002 7 1 6 f 7 1 1 1 f 6 76Am.303
3837.01184 0.002 7 1 6 e 8 1 1 1 e 7 76Am.304
3837.04844 0.002 7 1 6 f 8 1 1 1 f 7 76Am.305
3837.51736 0.002 6 0 6 e 32 0 0 1 e 31 76Am.306
3837.99319 0.002 6 0 6 e 33 0 0 1 e 32 76Am.307
3838.46076 0.002 6 0 6 e 34 0 0 1 e 33 76Am.308
3838.48219 0.002 7 1 6 e 10 1 1 1 e 9 76Am.309
3838.53607 0.002 7 1 6 f 10 1 1 1 f 9 76Am.310
3838.91550 0.002 6 0 6 e 35 0 0 1 e 34 76Am.311
3839.20201 0.002 7 1 6 e 11 1 1 1 e 10 76Am.312
3839.26430 0.002 7 1 6 f 11 1 1 1 f 10 76Am.313
3839.36003 0.002 6 0 6 e 36 0 0 1 e 35 76Am.314
3839.79406 0.002 6 0 6 e 37 0 0 1 e 36 76Am.315
3839.98229 0.002 7 1 6 f 12 1 1 1 f 11 76Am.316
3840.21655 0.002 6 0 6 e 38 0 0 1 e 37 76Am.317
3840.60875 0.002 7 1 6 e 13 1 1 1 e 12 76Am.318
3841.38820 0.002 7 1 6 f 14 1 1 1 f 13 76Am.319
3841.41961 0.002 6 0 6 e 41 0 0 1 e 40 76Am.320
3841.79921 0.002 6 0 6 e 42 0 0 1 e 41 76Am.321
3841.97004 0.002 7 1 6 e 15 1 1 1 e 14 76Am.322
3842.07679 0.002 7 1 6 f 15 1 1 1 f 14 76Am.323
3842.16728 0.002 6 0 6 e 43 0 0 1 e 42 76Am.324
3842.63599 0.002 7 1 6 e 16 1 1 1 e 15 76Am.325
3842.75411 0.002 7 1 6 f 16 1 1 1 f 15 76Am.326
3842.87217 0.002 6 0 6 e 45 0 0 1 e 44 76Am.327
3843.20829 0.002 6 0 6 e 46 0 0 1 e 45 76Am.328
3843.29086 0.002 7 1 6 e 17 1 1 1 e 16 76Am.329
3843.42184 0.002 7 1 6 f 17 1 1 1 f 16 76Am.330
3843.53395 0.002 6 0 6 e 47 0 0 1 e 46 76Am.331
3843.84799 0.002 6 0 6 e 48 0 0 1 e 47 76Am.332
3843.93425 0.002 7 1 6 e 18 1 1 1 e 17 76Am.333
3844.07944 0.002 7 1 6 f 18 1 1 1 f 17 76Am.334
3844.15212 0.002 6 0 6 e 49 0 0 1 e 48 76Am.335
3844.44533 0.002 6 0 6 e 50 0 0 1 e 49 76Am.336
3844.56670 0.002 7 1 6 e 19 1 1 1 e 18 76Am.337
3844.72708 0.002 7 1 6 f 19 1 1 1 f 18 76Am.338
3845.00043 0.002 6 0 6 e 52 0 0 1 e 51 76Am.339
3845.18866 0.002 7 1 6 e 20 1 1 1 e 19 76Am.340
3845.26035 0.002 6 0 6 e 53 0 0 1 e 52 76Am.341
3845.36369 0.002 7 1 6 f 20 1 1 1 f 19 76Am.342
3845.51155 0.002 6 0 6 e 54 0 0 1 e 53 76Am.343
3845.75096 0.002 6 0 6 e 55 0 0 1 e 54 76Am.344
3845.80018 0.002 7 1 6 e 21 1 1 1 e 20 76Am.345
3845.99086 0.002 7 1 6 f 21 1 1 1 f 20 76Am.346
3846.60779 0.002 7 1 6 f 22 1 1 1 f 21 76Am.347
3846.99042 0.002 7 1 6 e 23 1 1 1 e 22 76Am.348
3847.21457 0.002 7 1 6 f 23 1 1 1 f 22 76Am.349
3847.57154 0.002 7 1 6 e 24 1 1 1 e 23 76Am.350
3847.81225 0.002 7 1 6 f 24 1 1 1 f 23 76Am.351
3848.15158 0.002 7 1 6 e 25 1 1 1 e 24 76Am.352
3848.67892 0.002 7 1 6 e 26 1 1 1 e 25 76Am.353
3848.97561 0.002 7 1 6 f 26 1 1 1 f 25 76Am.354
3849.23122 0.002 7 1 6 e 27 1 1 1 e 26 76Am.355
3849.54212 0.002 7 1 6 f 27 1 1 1 f 26 76Am.356
3849.76783 0.002 7 1 6 e 28 1 1 1 e 27 76Am.357
3850.09804 0.002 7 1 6 f 28 1 1 1 f 27 76Am.358
3850.29360 0.002 7 1 6 e 29 1 1 1 e 28 76Am.359
3850.64586 0.002 7 1 6 f 29 1 1 1 f 28 76Am.360
3850.80692 0.002 7 1 6 e 30 1 1 1 e 29 76Am.361
3851.18202 0.002 7 1 6 f 30 1 1 1 f 29 76Am.362
3851.70948 0.002 7 1 6 f 31 1 1 1 f 30 76Am.363
3967.97422 0.002 7 1 3 e 30 0 0 1 e 31 76Am.364
3970.23488 0.002 7 1 3 e 28 0 0 1 e 29 76Am.365
3971.35077 0.002 7 1 3 e 27 0 0 1 e 28 76Am.366
3972.45602 0.002 7 1 3 e 26 0 0 1 e 27 76Am.367
3975.71556 0.002 7 1 3 e 23 0 0 1 e 24 76Am.368
3976.78164 0.002 7 1 3 e 22 0 0 1 e 23 76Am.369
3977.83781 0.002 7 1 3 e 21 0 0 1 e 22 76Am.370
3978.88394 0.002 7 1 3 e 20 0 0 1 e 21 76Am.371
3979.92114 0.002 7 1 3 e 19 0 0 1 e 20 76Am.372
3980.94743 0.002 7 1 3 e 18 0 0 1 e 19 76Am.373
3981.96450 0.002 7 1 3 e 17 0 0 1 e 18 76Am.374
3982.97230 0.002 7 1 3 e 16 0 0 1 e 17 76Am.375
3983.96857 0.002 7 1 3 e 15 0 0 1 e 16 76Am.376
3984.95619 0.002 7 1 3 e 14 0 0 1 e 15 76Am.377
3985.93343 0.002 7 1 3 e 13 0 0 1 e 14 76Am.378
3986.90137 0.002 7 1 3 e 12 0 0 1 e 13 76Am.379
3987.85858 0.002 7 1 3 e 11 0 0 1 e 12 76Am.380
3988.80630 0.002 7 1 3 e 10 0 0 1 e 11 76Am.381
3989.74310 0.002 7 1 3 e 9 0 0 1 e 10 76Am.382
3991.59012 0.002 7 1 3 e 7 0 0 1 e 8 76Am.383
4004.15730 0.002 7 1 3 e 7 0 0 1 e 6 76Am.384
4004.91489 0.002 7 1 3 e 8 0 0 1 e 7 76Am.385
4005.66313 0.002 7 1 3 e 9 0 0 1 e 8 76Am.386
4006.40061 0.002 7 1 3 e 10 0 0 1 e 9 76Am.387
4007.12882 0.002 7 1 3 e 11 0 0 1 e 10 76Am.388
4007.84630 0.002 7 1 3 e 12 0 0 1 e 11 76Am.389
4009.25202 0.002 7 1 3 e 14 0 0 1 e 13 76Am.390
4009.94012 0.002 7 1 3 e 15 0 0 1 e 14 76Am.391
4010.61859 0.002 7 1 3 e 16 0 0 1 e 15 76Am.392
4011.28663 0.002 7 1 3 e 17 0 0 1 e 16 76Am.393
4011.94355 0.002 7 1 3 e 18 0 0 1 e 17 76Am.394
4012.59052 0.002 7 1 3 e 19 0 0 1 e 18 76Am.395
4013.22774 0.002 7 1 3 e 20 0 0 1 e 19 76Am.396
4013.85641 0.002 7 1 3 e 21 0 0 1 e 20 76Am.397
4014.47309 0.002 7 1 3 e 22 0 0 1 e 21 76Am.398
4015.08062 0.002 7 1 3 e 23 0 0 1 e 22 76Am.399
4015.67746 0.002 7 1 3 e 24 0 0 1 e 23 76Am.400
4016.26472 0.002 7 1 3 e 25 0 0 1 e 24 76Am.401
4250.37226 0.002 9 1 1 e 43 1 1 1 e 44 76Am.402
4251.64765 0.002 9 1 1 f 42 1 1 1 f 43 76Am.403
4251.77188 0.002 9 1 1 e 42 1 1 1 e 43 76Am.404
4253.03768 0.002 9 1 1 f 41 1 1 1 f 42 76Am.405
4253.15844 0.002 9 1 1 e 41 1 1 1 e 42 76Am.406
4254.41592 0.002 9 1 1 f 40 1 1 1 f 41 76Am.407
4254.53211 0.002 9 1 1 e 40 1 1 1 e 41 76Am.408
4255.78034 0.002 9 1 1 f 39 1 1 1 f 40 76Am.409
4255.89222 0.002 9 1 1 e 39 1 1 1 e 40 76Am.410
4256.13426 0.002 8 0 1 e 57 0 0 1 e 58 76Am.411
4257.13230 0.002 9 1 1 f 38 1 1 1 f 39 76Am.412
4257.24004 0.002 9 1 1 e 38 1 1 1 e 39 76Am.413
4257.72420 0.002 8 0 1 e 56 0 0 1 e 57 76Am.414
4258.47029 0.002 9 1 1 f 37 1 1 1 f 38 76Am.415
4258.57455 0.002 9 1 1 e 37 1 1 1 e 38 76Am.416
4259.29968 0.002 8 0 1 e 55 0 0 1 e 56 76Am.417
4259.79615 0.002 9 1 1 f 36 1 1 1 f 37 76Am.418
4260.86473 0.002 8 0 1 e 54 0 0 1 e 55 76Am.419
4261.10821 0.002 9 1 1 f 35 1 1 1 f 36 76Am.420
4261.20495 0.002 9 1 1 e 35 1 1 1 e 36 76Am.421
4262.49981 0.002 9 1 1 e 34 1 1 1 e 35 76Am.422
4263.69416 0.002 9 1 1 f 33 1 1 1 f 34 76Am.423
4263.78260 0.002 9 1 1 e 33 1 1 1 e 34 76Am.424
4263.95279 0.002 8 0 1 e 52 0 0 1 e 53 76Am.425
4264.96709 0.002 9 1 1 f 32 1 1 1 f 33 76Am.426
4265.05216 0.002 9 1 1 e 32 1 1 1 e 33 76Am.427
4265.47734 0.002 8 0 1 e 51 0 0 1 e 52 76Am.428
4266.22730 0.002 9 1 1 f 31 1 1 1 f 32 76Am.429
4266.30931 0.002 9 1 1 e 31 1 1 1 e 32 76Am.430
4266.98839 0.002 8 0 1 e 50 0 0 1 e 51 76Am.431
4267.47455 0.002 9 1 1 f 30 1 1 1 f 31 76Am.432
4267.55247 0.002 9 1 1 e 30 1 1 1 e 31 76Am.433
4268.48638 0.002 8 0 1 e 49 0 0 1 e 50 76Am.434
4268.70860 0.002 9 1 1 f 29 1 1 1 f 30 76Am.435
4268.78342 0.002 9 1 1 e 29 1 1 1 e 30 76Am.436
4269.92971 0.002 9 1 1 f 28 1 1 1 f 29 76Am.437
4269.97185 0.002 8 0 1 e 48 0 0 1 e 49 76Am.438
4270.00094 0.002 9 1 1 e 28 1 1 1 e 29 76Am.439
4271.13785 0.002 9 1 1 f 27 1 1 1 f 28 76Am.440
4271.20572 0.002 9 1 1 e 27 1 1 1 e 28 76Am.441
4271.44421 0.002 8 0 1 e 47 0 0 1 e 48 76Am.442
4272.33279 0.002 9 1 1 f 26 1 1 1 f 27 76Am.443
4272.39720 0.002 9 1 1 e 26 1 1 1 e 27 76Am.444
4272.90331 0.002 8 0 1 e 46 0 0 1 e 47 76Am.445
4273.51459 0.002 9 1 1 f 25 1 1 1 f 26 76Am.446
4273.57628 0.002 9 1 1 e 25 1 1 1 e 26 76Am.447
4275.78228 0.002 8 0 1 e 44 0 0 1 e 45 76Am.448
4275.83889 0.002 9 1 1 f 23 1 1 1 f 24 76Am.449
4275.89418 0.002 9 1 1 e 23 1 1 1 e 24 76Am.450
4276.98155 0.002 9 1 1 f 22 1 1 1 f 23 76Am.451
4277.03392 0.002 9 1 1 e 22 1 1 1 e 23 76Am.452
4277.20215 0.002 8 0 1 e 43 0 0 1 e 44 76Am.453
4278.11125 0.002 9 1 1 f 21 1 1 1 f 22 76Am.454
4278.16052 0.002 9 1 1 e 21 1 1 1 e 22 76Am.455
4278.60901 0.002 8 0 1 e 42 0 0 1 e 43 76Am.456
4279.22742 0.002 9 1 1 f 20 1 1 1 f 21 76Am.457
4279.27383 0.002 9 1 1 e 20 1 1 1 e 21 76Am.458
4280.00263 0.002 8 0 1 e 41 0 0 1 e 42 76Am.459
4280.33053 0.002 9 1 1 f 19 1 1 1 f 20 76Am.460
4280.37419 0.002 9 1 1 e 19 1 1 1 e 20 76Am.461
4281.38326 0.002 8 0 1 e 40 0 0 1 e 41 76Am.462
4281.42045 0.002 9 1 1 f 18 1 1 1 f 19 76Am.463
4281.46142 0.002 9 1 1 e 18 1 1 1 e 19 76Am.464
4282.49731 0.002 9 1 1 f 17 1 1 1 f 18 76Am.465
4282.53543 0.002 9 1 1 e 17 1 1 1 e 18 76Am.466
4282.75036 0.002 8 0 1 e 39 0 0 1 e 40 76Am.467
4283.56111 0.002 9 1 1 f 16 1 1 1 f 17 76Am.468
4283.59658 0.002 9 1 1 e 16 1 1 1 e 17 76Am.469
4284.10465 0.002 8 0 1 e 38 0 0 1 e 39 76Am.470
4284.61161 0.002 9 1 1 f 15 1 1 1 f 16 76Am.471
4284.64460 0.002 9 1 1 e 15 1 1 1 e 16 76Am.472
4285.44556 0.002 8 0 1 e 37 0 0 1 e 38 76Am.473
4285.64921 0.002 9 1 1 f 14 1 1 1 f 15 76Am.474
4285.67966 0.002 9 1 1 e 14 1 1 1 e 15 76Am.475
4286.67355 0.002 9 1 1 f 13 1 1 1 f 14 76Am.476
4286.70138 0.002 9 1 1 e 13 1 1 1 e 14 76Am.477
4286.77326 0.002 8 0 1 e 36 0 0 1 e 37 76Am.478
4287.68469 0.002 9 1 1 f 12 1 1 1 f 13 76Am.479
4287.71036 0.002 9 1 1 e 12 1 1 1 e 13 76Am.480
4288.08837 0.002 8 0 1 e 35 0 0 1 e 36 76Am.481
4288.68293 0.002 9 1 1 f 11 1 1 1 f 12 76Am.482
4289.38986 0.002 8 0 1 e 34 0 0 1 e 35 76Am.483
4289.66745 0.002 9 1 1 f 10 1 1 1 f 11 76Am.484
4290.63934 0.002 9 1 1 f 9 1 1 1 f 10 76Am.485
4290.67810 0.002 8 0 1 e 33 0 0 1 e 34 76Am.486
4291.95332 0.002 8 0 1 e 32 0 0 1 e 33 76Am.487
4293.21527 0.002 8 0 1 e 31 0 0 1 e 32 76Am.488
4294.46480 0.002 8 0 1 e 30 0 0 1 e 31 76Am.489
4295.70099 0.002 8 0 1 e 29 0 0 1 e 30 76Am.490
4296.92379 0.002 8 0 1 e 28 0 0 1 e 29 76Am.491
4298.13304 0.002 8 0 1 e 27 0 0 1 e 28 76Am.492
4299.32971 0.002 8 0 1 e 26 0 0 1 e 27 76Am.493
4300.51239 0.002 8 0 1 e 25 0 0 1 e 26 76Am.494
4301.68267 0.002 8 0 1 e 24 0 0 1 e 25 76Am.495
4302.83910 0.002 8 0 1 e 23 0 0 1 e 24 76Am.496
4303.98248 0.002 8 0 1 e 22 0 0 1 e 23 76Am.497
4305.11209 0.002 8 0 1 e 21 0 0 1 e 22 76Am.498
4306.22921 0.002 8 0 1 e 20 0 0 1 e 21 76Am.499
4307.33251 0.002 8 0 1 e 19 0 0 1 e 20 76Am.500
4307.98313 0.002 9 1 1 f 11 1 1 1 f 10 76Am.501
4307.99626 0.002 9 1 1 e 11 1 1 1 e 10 76Am.502
4308.42331 0.002 8 0 1 e 18 0 0 1 e 19 76Am.503
4308.66299 0.002 9 1 1 e 12 1 1 1 e 11 76Am.504
4308.67732 0.002 9 1 1 f 12 1 1 1 f 11 76Am.505
4309.32999 0.002 9 1 1 e 13 1 1 1 e 12 76Am.506
4309.34505 0.002 9 1 1 f 13 1 1 1 f 12 76Am.507
4309.50027 0.002 8 0 1 e 17 0 0 1 e 18 76Am.508
4309.98358 0.002 9 1 1 e 14 1 1 1 e 13 76Am.509
4309.99959 0.002 9 1 1 f 14 1 1 1 f 13 76Am.510
4310.56454 0.002 8 0 1 e 16 0 0 1 e 17 76Am.511
4310.62404 0.002 9 1 1 e 15 1 1 1 e 14 76Am.512
4310.64092 0.002 9 1 1 f 15 1 1 1 f 14 76Am.513
4311.25129 0.002 9 1 1 e 16 1 1 1 e 15 76Am.514
4311.26905 0.002 9 1 1 f 16 1 1 1 f 15 76Am.515
4311.61478 0.002 8 0 1 e 15 0 0 1 e 16 76Am.516
4311.86513 0.002 9 1 1 e 17 1 1 1 e 16 76Am.517
4311.88334 0.002 9 1 1 f 17 1 1 1 f 16 76Am.518
4312.46617 0.002 9 1 1 e 18 1 1 1 e 17 76Am.519
4312.48482 0.002 9 1 1 f 18 1 1 1 f 17 76Am.520
4312.65194 0.002 8 0 1 e 14 0 0 1 e 15 76Am.521
4313.05383 0.002 9 1 1 e 19 1 1 1 e 18 76Am.522
4313.07276 0.002 9 1 1 f 19 1 1 1 f 18 76Am.523
4313.62800 0.002 9 1 1 e 20 1 1 1 e 19 76Am.524
4313.64787 0.002 9 1 1 f 20 1 1 1 f 19 76Am.525
4313.67575 0.002 8 0 1 e 13 0 0 1 e 14 76Am.526
4314.18922 0.002 9 1 1 e 21 1 1 1 e 20 76Am.527
4314.20915 0.002 9 1 1 f 21 1 1 1 f 20 76Am.528
4314.73708 0.002 9 1 1 e 22 1 1 1 e 21 76Am.529
4314.75743 0.002 9 1 1 f 22 1 1 1 f 21 76Am.530
4315.27174 0.002 9 1 1 e 23 1 1 1 e 22 76Am.531
4315.29221 0.002 9 1 1 f 23 1 1 1 f 22 76Am.532
4315.68451 0.002 8 0 1 e 11 0 0 1 e 12 76Am.533
4315.79337 0.002 9 1 1 e 24 1 1 1 e 23 76Am.534
4315.81407 0.002 9 1 1 f 24 1 1 1 f 23 76Am.535
4316.30142 0.002 9 1 1 e 25 1 1 1 e 24 76Am.536
4316.32222 0.002 9 1 1 f 25 1 1 1 f 24 76Am.537
4316.66888 0.002 8 0 1 e 10 0 0 1 e 11 76Am.538
4316.79643 0.002 9 1 1 e 26 1 1 1 e 25 76Am.539
4316.81709 0.002 9 1 1 f 26 1 1 1 f 25 76Am.540
4317.27802 0.002 9 1 1 e 27 1 1 1 e 26 76Am.541
4317.29885 0.002 9 1 1 f 27 1 1 1 f 26 76Am.542
4317.63987 0.002 8 0 1 e 9 0 0 1 e 10 76Am.543
4317.74631 0.002 9 1 1 e 28 1 1 1 e 27 76Am.544
4317.76704 0.002 9 1 1 f 28 1 1 1 f 27 76Am.545
4318.20149 0.002 9 1 1 e 29 1 1 1 e 28 76Am.546
4318.22215 0.002 9 1 1 f 29 1 1 1 f 28 76Am.547
4318.59793 0.002 8 0 1 e 8 0 0 1 e 9 76Am.548
4318.64333 0.002 9 1 1 e 30 1 1 1 e 29 76Am.549
4318.66374 0.002 9 1 1 f 30 1 1 1 f 29 76Am.550
4319.07219 0.002 9 1 1 e 31 1 1 1 e 30 76Am.551
4319.09241 0.002 9 1 1 f 31 1 1 1 f 30 76Am.552
4319.48768 0.002 9 1 1 e 32 1 1 1 e 31 76Am.553
4319.50737 0.002 9 1 1 f 32 1 1 1 f 31 76Am.554
4319.54194 0.002 8 0 1 e 7 0 0 1 e 8 76Am.555
4319.88969 0.002 9 1 1 f 33 1 1 1 f 32 76Am.556
4319.90882 0.002 9 1 1 e 33 1 1 1 e 32 76Am.557
4320.27821 0.002 9 1 1 e 34 1 1 1 e 33 76Am.558
4320.29757 0.002 9 1 1 f 34 1 1 1 f 33 76Am.559
4320.47325 0.002 8 0 1 e 6 0 0 1 e 7 76Am.560
4320.65400 0.002 9 1 1 e 35 1 1 1 e 34 76Am.561
4320.67224 0.002 9 1 1 f 35 1 1 1 f 34 76Am.562
4321.01621 0.002 9 1 1 e 36 1 1 1 e 35 76Am.563
4321.03397 0.002 9 1 1 f 36 1 1 1 f 35 76Am.564
4321.39044 0.002 8 0 1 e 5 0 0 1 e 6 76Am.565
4321.70116 0.002 9 1 1 e 38 1 1 1 e 37 76Am.566
4321.71715 0.002 9 1 1 f 38 1 1 1 f 37 76Am.567
4322.29506 0.002 8 0 1 e 4 0 0 1 e 5 76Am.568
4322.34682 0.002 9 1 1 f 40 1 1 1 f 39 76Am.569
4322.64134 0.002 9 1 1 f 41 1 1 1 f 40 76Am.570
4323.18641 0.002 8 0 1 e 3 0 0 1 e 4 76Am.571
4324.06387 0.002 8 0 1 e 2 0 0 1 e 3 76Am.572
4324.92813 0.002 8 0 1 e 1 0 0 1 e 2 76Am.573
4329.05129 0.002 8 0 1 e 3 0 0 1 e 2 76Am.574
4329.83625 0.002 8 0 1 e 4 0 0 1 e 3 76Am.575
4330.60754 0.002 8 0 1 e 5 0 0 1 e 4 76Am.576
4331.36536 0.002 8 0 1 e 6 0 0 1 e 5 76Am.577
4332.11059 0.002 8 0 1 e 7 0 0 1 e 6 76Am.578
4332.84177 0.002 8 0 1 e 8 0 0 1 e 7 76Am.579
4333.55988 0.002 8 0 1 e 9 0 0 1 e 8 76Am.580
4334.26407 0.002 8 0 1 e 10 0 0 1 e 9 76Am.581
4334.95535 0.002 8 0 1 e 11 0 0 1 e 10 76Am.582
4335.63323 0.002 8 0 1 e 12 0 0 1 e 11 76Am.583
4336.29740 0.002 8 0 1 e 13 0 0 1 e 12 76Am.584
4337.58669 0.002 8 0 1 e 15 0 0 1 e 14 76Am.585
4338.21069 0.002 8 0 1 e 16 0 0 1 e 15 76Am.586
4338.82162 0.002 8 0 1 e 17 0 0 1 e 16 76Am.587
4340.00289 0.002 8 0 1 e 19 0 0 1 e 18 76Am.588
4341.13115 0.002 8 0 1 e 21 0 0 1 e 20 76Am.589
4341.67471 0.002 8 0 1 e 22 0 0 1 e 21 76Am.590
4342.20506 0.002 8 0 1 e 23 0 0 1 e 22 76Am.591
4342.72199 0.002 8 0 1 e 24 0 0 1 e 23 76Am.592
4343.22560 0.002 8 0 1 e 25 0 0 1 e 24 76Am.593
4343.71567 0.002 8 0 1 e 26 0 0 1 e 25 76Am.594
4344.19210 0.002 8 0 1 e 27 0 0 1 e 26 76Am.595
4344.65509 0.002 8 0 1 e 28 0 0 1 e 27 76Am.596
4345.10516 0.002 8 0 1 e 29 0 0 1 e 28 76Am.597
4345.54149 0.002 8 0 1 e 30 0 0 1 e 29 76Am.598
4345.96389 0.002 8 0 1 e 31 0 0 1 e 30 76Am.599
4346.37326 0.002 8 0 1 e 32 0 0 1 e 31 76Am.600
4346.76946 0.002 8 0 1 e 33 0 0 1 e 32 76Am.601
4347.15207 0.002 8 0 1 e 34 0 0 1 e 33 76Am.602
4347.52091 0.002 8 0 1 e 35 0 0 1 e 34 76Am.603
4347.87645 0.002 8 0 1 e 36 0 0 1 e 35 76Am.604
4348.21865 0.002 8 0 1 e 37 0 0 1 e 36 76Am.605
4348.54749 0.002 8 0 1 e 38 0 0 1 e 37 76Am.606
4348.86271 0.002 8 0 1 e 39 0 0 1 e 38 76Am.607
4349.16433 0.002 8 0 1 e 40 0 0 1 e 39 76Am.608
4349.45273 0.002 8 0 1 e 41 0 0 1 e 40 76Am.609
4349.72757 0.002 8 0 1 e 42 0 0 1 e 41 76Am.610
4349.98908 0.002 8 0 1 e 43 0 0 1 e 42 76Am.611
4350.23666 0.002 8 0 1 e 44 0 0 1 e 43 76Am.612
4350.47107 0.002 8 0 1 e 45 0 0 1 e 44 76Am.613
4350.69225 0.002 8 0 1 e 46 0 0 1 e 45 76Am.614
4350.89962 0.002 8 0 1 e 47 0 0 1 e 46 76Am.615
4351.09381 0.002 8 0 1 e 48 0 0 1 e 47 76Am.616
4351.27398 0.002 8 0 1 e 49 0 0 1 e 48 76Am.617
4351.44115 0.002 8 0 1 e 50 0 0 1 e 49 76Am.618
4351.59455 0.002 8 0 1 e 51 0 0 1 e 50 76Am.619
4351.73478 0.002 8 0 1 e 52 0 0 1 e 51 76Am.620
4351.86107 0.002 8 0 1 e 53 0 0 1 e 52 76Am.621
4351.97426 0.002 8 0 1 e 54 0 0 1 e 53 76Am.622
4352.07363 0.002 8 0 1 e 55 0 0 1 e 54 76Am.623
4352.15985 0.002 8 0 1 e 56 0 0 1 e 55 76Am.624
4352.23258 0.002 8 0 1 e 57 0 0 1 e 56 76Am.625
4352.29117 0.002 8 0 1 e 58 0 0 1 e 57 76Am.626
4522.40918 0.002 8 0 4 e 34 0 0 1 e 35 76Am.627
4524.66215 0.002 8 0 4 e 32 0 0 1 e 33 76Am.628
4525.77438 0.002 8 0 4 e 31 0 0 1 e 32 76Am.629
4526.87863 0.002 8 0 4 e 30 0 0 1 e 31 76Am.630
4527.97215 0.002 8 0 4 e 29 0 0 1 e 30 76Am.631
4529.05777 0.002 8 0 4 e 28 0 0 1 e 29 76Am.632
4530.13364 0.002 8 0 4 e 27 0 0 1 e 28 76Am.633
4531.20056 0.002 8 0 4 e 26 0 0 1 e 27 76Am.634
4532.25973 0.002 8 0 4 e 25 0 0 1 e 26 76Am.635
4533.30851 0.002 8 0 4 e 24 0 0 1 e 25 76Am.636
4534.34937 0.002 8 0 4 e 23 0 0 1 e 24 76Am.637
4535.38150 0.002 8 0 4 e 22 0 0 1 e 23 76Am.638
4536.40443 0.002 8 0 4 e 21 0 0 1 e 22 76Am.639
4537.41881 0.002 8 0 4 e 20 0 0 1 e 21 76Am.640
4538.42451 0.002 8 0 4 e 19 0 0 1 e 20 76Am.641
4539.42131 0.002 8 0 4 e 18 0 0 1 e 19 76Am.642
4540.40967 0.002 8 0 4 e 17 0 0 1 e 18 76Am.643
4541.39056 0.002 8 0 4 e 16 0 0 1 e 17 76Am.644
4542.36189 0.002 8 0 4 e 15 0 0 1 e 16 76Am.645
4543.32517 0.002 8 0 4 e 14 0 0 1 e 15 76Am.646
4544.27969 0.002 8 0 4 e 13 0 0 1 e 14 76Am.647
4545.22499 0.002 8 0 4 e 12 0 0 1 e 13 76Am.648
4546.16371 0.002 8 0 4 e 11 0 0 1 e 12 76Am.649
4551.61453 0.002 8 0 4 e 5 0 0 1 e 6 76Am.650
4552.49426 0.002 8 0 4 e 4 0 0 1 e 5 76Am.651
4559.22978 0.002 8 0 4 e 3 0 0 1 e 2 76Am.652
4560.03479 0.002 8 0 4 e 4 0 0 1 e 3 76Am.653
4561.61885 0.002 8 0 4 e 6 0 0 1 e 5 76Am.654
4562.39868 0.002 8 0 4 e 7 0 0 1 e 6 76Am.655
4566.17211 0.002 8 0 4 e 12 0 0 1 e 11 76Am.656
4566.90096 0.002 8 0 4 e 13 0 0 1 e 12 76Am.657
4567.62171 0.002 8 0 4 e 14 0 0 1 e 13 76Am.658
4568.33348 0.002 8 0 4 e 15 0 0 1 e 14 76Am.659
4569.03682 0.002 8 0 4 e 16 0 0 1 e 15 76Am.660
4569.73111 0.002 8 0 4 e 17 0 0 1 e 16 76Am.661
4570.41691 0.002 8 0 4 e 18 0 0 1 e 17 76Am.662
4571.09392 0.002 8 0 4 e 19 0 0 1 e 18 76Am.663
4572.42241 0.002 8 0 4 e 21 0 0 1 e 20 76Am.664
4573.07307 0.002 8 0 4 e 22 0 0 1 e 21 76Am.665
4573.71553 0.002 8 0 4 e 23 0 0 1 e 22 76Am.666
4574.97155 0.002 8 0 4 e 25 0 0 1 e 24 76Am.667
4575.58667 0.002 8 0 4 e 26 0 0 1 e 25 76Am.668
4576.78868 0.002 8 0 4 e 28 0 0 1 e 27 76Am.669
4577.37534 0.002 8 0 4 e 29 0 0 1 e 28 76Am.670
4577.95378 0.002 8 0 4 e 30 0 0 1 e 29 76Am.671
4578.52262 0.002 8 0 4 e 31 0 0 1 e 30 76Am.672
4579.08144 0.002 8 0 4 e 32 0 0 1 e 31 76Am.673
4579.63158 0.002 8 0 4 e 33 0 0 1 e 32 76Am.674
4580.17126 0.002 8 0 4 e 34 0 0 1 e 33 76Am.675
4580.70154 0.002 8 0 4 e 35 0 0 1 e 34 76Am.676
4581.22183 0.002 8 0 4 e 36 0 0 1 e 35 76Am.677
4582.72523 0.002 8 0 4 e 39 0 0 1 e 38 76Am.678
4612.58233 0.002 8 0 5 e 53 0 0 1 e 54 76Am.679
4614.15581 0.002 8 0 5 e 52 0 0 1 e 53 76Am.680
4615.71554 0.002 8 0 5 e 51 0 0 1 e 52 76Am.681
4617.26208 0.002 8 0 5 e 50 0 0 1 e 51 76Am.682
4618.79495 0.002 8 0 5 e 49 0 0 1 e 50 76Am.683
4620.31437 0.002 8 0 5 e 48 0 0 1 e 49 76Am.684
4621.81966 0.002 8 0 5 e 47 0 0 1 e 48 76Am.685
4623.31137 0.002 8 0 5 e 46 0 0 1 e 47 76Am.686
4624.78976 0.002 8 0 5 e 45 0 0 1 e 46 76Am.687
4627.70464 0.002 8 0 5 e 43 0 0 1 e 44 76Am.688
4629.14176 0.002 8 0 5 e 42 0 0 1 e 43 76Am.689
4630.56482 0.002 8 0 5 e 41 0 0 1 e 42 76Am.690
4631.97466 0.002 8 0 5 e 40 0 0 1 e 41 76Am.691
4633.36997 0.002 8 0 5 e 39 0 0 1 e 40 76Am.692
4634.75172 0.002 8 0 5 e 38 0 0 1 e 39 76Am.693
4635.97573 0.002 9 1 5 e 34 1 1 1 e 35 76Am.694
4636.11962 0.002 8 0 5 e 37 0 0 1 e 38 76Am.695
4637.28136 0.002 9 1 5 e 33 1 1 1 e 34 76Am.696
4637.41279 0.002 9 1 5 f 33 1 1 1 f 34 76Am.697
4637.47374 0.002 8 0 5 e 36 0 0 1 e 37 76Am.698
4638.57333 0.002 9 1 5 e 32 1 1 1 e 33 76Am.699
4638.69460 0.002 9 1 5 f 32 1 1 1 f 33 76Am.700
4639.85160 0.002 9 1 5 e 31 1 1 1 e 32 76Am.701
4639.96355 0.002 9 1 5 f 31 1 1 1 f 32 76Am.702
4640.14077 0.002 8 0 5 e 34 0 0 1 e 35 76Am.703
4641.11645 0.002 9 1 5 e 30 1 1 1 e 31 76Am.704
4641.21906 0.002 9 1 5 f 30 1 1 1 f 31 76Am.705
4641.45305 0.002 8 0 5 e 33 0 0 1 e 34 76Am.706
4642.36693 0.002 9 1 5 e 29 1 1 1 e 30 76Am.707
4642.46228 0.002 9 1 5 f 29 1 1 1 f 30 76Am.708
4642.75197 0.002 8 0 5 e 32 0 0 1 e 33 76Am.709
4643.60516 0.002 9 1 5 e 28 1 1 1 e 29 76Am.710
4643.69135 0.002 9 1 5 f 28 1 1 1 f 29 76Am.711
4644.03696 0.002 8 0 5 e 31 0 0 1 e 32 76Am.712
4644.82896 0.002 9 1 5 e 27 1 1 1 e 28 76Am.713
4644.90718 0.002 9 1 5 f 27 1 1 1 f 28 76Am.714
4645.30849 0.002 8 0 5 e 30 0 0 1 e 31 76Am.715
4646.03876 0.002 9 1 5 e 26 1 1 1 e 27 76Am.716
4646.10956 0.002 9 1 5 f 26 1 1 1 f 27 76Am.717
4646.56617 0.002 8 0 5 e 29 0 0 1 e 30 76Am.718
4647.23499 0.002 9 1 5 e 25 1 1 1 e 26 76Am.719
4647.29889 0.002 9 1 5 f 25 1 1 1 f 26 76Am.720
4647.80931 0.002 8 0 5 e 28 0 0 1 e 29 76Am.721
4648.41735 0.002 9 1 5 e 24 1 1 1 e 25 76Am.722
4649.03920 0.002 8 0 5 e 27 0 0 1 e 28 76Am.723
4649.58668 0.002 9 1 5 e 23 1 1 1 e 24 76Am.724
4649.63754 0.002 9 1 5 f 23 1 1 1 f 24 76Am.725
4650.25467 0.002 8 0 5 e 26 0 0 1 e 27 76Am.726
4651.45667 0.002 8 0 5 e 25 0 0 1 e 26 76Am.727
4651.88414 0.002 9 1 5 e 21 1 1 1 e 22 76Am.728
4651.92269 0.002 9 1 5 f 21 1 1 1 f 22 76Am.729
4652.64452 0.002 8 0 5 e 24 0 0 1 e 25 76Am.730
4653.01131 0.002 9 1 5 e 20 1 1 1 e 21 76Am.731
4653.04518 0.002 9 1 5 f 20 1 1 1 f 21 76Am.732
4653.81853 0.002 8 0 5 e 23 0 0 1 e 24 76Am.733
4654.12536 0.002 9 1 5 e 19 1 1 1 e 20 76Am.734
4654.15419 0.002 9 1 5 f 19 1 1 1 f 20 76Am.735
4654.97884 0.002 8 0 5 e 22 0 0 1 e 23 76Am.736
4655.22591 0.002 9 1 5 e 18 1 1 1 e 19 76Am.737
4655.25029 0.002 9 1 5 f 18 1 1 1 f 19 76Am.738
4656.12457 0.002 8 0 5 e 21 0 0 1 e 22 76Am.739
4656.31231 0.002 9 1 5 e 17 1 1 1 e 18 76Am.740
4656.33248 0.002 9 1 5 f 17 1 1 1 f 18 76Am.741
4657.25687 0.002 8 0 5 e 20 0 0 1 e 21 76Am.742
4657.38501 0.002 9 1 5 e 16 1 1 1 e 17 76Am.743
4657.40124 0.002 9 1 5 f 16 1 1 1 f 17 76Am.744
4658.37424 0.002 8 0 5 e 19 0 0 1 e 20 76Am.745
4658.45586 0.002 9 1 5 f 15 1 1 1 f 16 76Am.746
4660.56891 0.002 8 0 5 e 17 0 0 1 e 18 76Am.747
4661.64494 0.002 8 0 5 e 16 0 0 1 e 17 76Am.748
4662.54350 0.002 9 1 5 e 11 1 1 1 e 12 76Am.749
4662.70680 0.002 8 0 5 e 15 0 0 1 e 16 76Am.750
4663.53298 0.002 9 1 5 e 10 1 1 1 e 11 76Am.751
4663.75549 0.002 8 0 5 e 14 0 0 1 e 15 76Am.752
4664.50861 0.002 9 1 5 e 9 1 1 1 e 10 76Am.753
4664.78975 0.002 8 0 5 e 13 0 0 1 e 14 76Am.754
4665.80990 0.002 8 0 5 e 12 0 0 1 e 13 76Am.755
4666.81645 0.002 8 0 5 e 11 0 0 1 e 12 76Am.756
4667.80864 0.002 8 0 5 e 10 0 0 1 e 11 76Am.757
4668.78715 0.002 8 0 5 e 9 0 0 1 e 10 76Am.758
4669.75156 0.002 8 0 5 e 8 0 0 1 e 9 76Am.759
4670.70121 0.002 8 0 5 e 7 0 0 1 e 8 76Am.760
4671.63759 0.002 8 0 5 e 6 0 0 1 e 7 76Am.761
4672.55989 0.002 8 0 5 e 5 0 0 1 e 6 76Am.762
4673.46827 0.002 8 0 5 e 4 0 0 1 e 5 76Am.763
4674.36162 0.002 8 0 5 e 3 0 0 1 e 4 76Am.764
4675.24157 0.002 8 0 5 e 2 0 0 1 e 3 76Am.765
4677.50957 0.002 9 1 5 f 5 1 1 1 f 4 76Am.766
4678.25222 0.002 9 1 5 e 6 1 1 1 e 5 76Am.767
4678.26841 0.002 9 1 5 f 6 1 1 1 f 5 76Am.768
4678.99328 0.002 9 1 5 e 7 1 1 1 e 6 76Am.769
4679.01357 0.002 9 1 5 f 7 1 1 1 f 6 76Am.770
4679.72083 0.002 9 1 5 e 8 1 1 1 e 7 76Am.771
4679.74538 0.002 9 1 5 f 8 1 1 1 f 7 76Am.772
4680.43430 0.002 9 1 5 e 9 1 1 1 e 8 76Am.773
4680.46327 0.002 9 1 5 f 9 1 1 1 f 8 76Am.774
4681.00891 0.002 8 0 5 e 4 0 0 1 e 3 76Am.775
4681.13371 0.002 9 1 5 e 10 1 1 1 e 9 76Am.776
4681.16767 0.002 9 1 5 f 10 1 1 1 f 9 76Am.777
4682.44125 0.002 9 1 5 e 12 1 1 1 e 11 76Am.778
4683.14934 0.002 9 1 5 e 13 1 1 1 e 12 76Am.779
4683.19980 0.002 9 1 5 f 13 1 1 1 f 12 76Am.780
4683.27021 0.002 8 0 5 e 7 0 0 1 e 6 76Am.781
4683.79344 0.002 9 1 5 e 14 1 1 1 e 13 76Am.782
4683.84977 0.002 9 1 5 f 14 1 1 1 f 13 76Am.783
4683.99560 0.002 8 0 5 e 8 0 0 1 e 7 76Am.784
4684.42341 0.002 9 1 5 e 15 1 1 1 e 14 76Am.785
4684.70709 0.002 8 0 5 e 9 0 0 1 e 8 76Am.786
4685.03985 0.002 9 1 5 e 16 1 1 1 e 15 76Am.787
4685.10964 0.002 9 1 5 f 16 1 1 1 f 15 76Am.788
4685.40438 0.002 8 0 5 e 10 0 0 1 e 9 76Am.789
4685.64197 0.002 9 1 5 e 17 1 1 1 e 16 76Am.790
4685.71887 0.002 9 1 5 f 17 1 1 1 f 16 76Am.791
4686.08713 0.002 8 0 5 e 11 0 0 1 e 10 76Am.792
4686.23070 0.002 9 1 5 e 18 1 1 1 e 17 76Am.793
4686.31493 0.002 9 1 5 f 18 1 1 1 f 17 76Am.794
4686.75684 0.002 8 0 5 e 12 0 0 1 e 11 76Am.795
4686.80488 0.002 9 1 5 e 19 1 1 1 e 18 76Am.796
4686.89724 0.002 9 1 5 f 19 1 1 1 f 18 76Am.797
4687.36545 0.002 9 1 5 e 20 1 1 1 e 19 76Am.798
4687.46597 0.002 9 1 5 f 20 1 1 1 f 19 76Am.799
4687.91278 0.002 9 1 5 e 21 1 1 1 e 20 76Am.800
4688.02121 0.002 9 1 5 f 21 1 1 1 f 20 76Am.801
4688.05231 0.002 8 0 5 e 14 0 0 1 e 13 76Am.802
4688.44556 0.002 9 1 5 e 22 1 1 1 e 21 76Am.803
4688.56309 0.002 9 1 5 f 22 1 1 1 f 21 76Am.804
4688.67944 0.002 8 0 5 e 15 0 0 1 e 14 76Am.805
4688.96426 0.002 9 1 5 e 23 1 1 1 e 22 76Am.806
4689.09128 0.002 9 1 5 f 23 1 1 1 f 22 76Am.807
4689.29165 0.002 8 0 5 e 16 0 0 1 e 15 76Am.808
4689.46914 0.002 9 1 5 e 24 1 1 1 e 23 76Am.809
4689.60559 0.002 9 1 5 f 24 1 1 1 f 23 76Am.810
4689.89043 0.002 8 0 5 e 17 0 0 1 e 16 76Am.811
4690.10667 0.002 9 1 5 f 25 1 1 1 f 24 76Am.812
4690.43751 0.002 9 1 5 e 26 1 1 1 e 25 76Am.813
4690.47472 0.002 8 0 5 e 18 0 0 1 e 17 76Am.814
4690.59432 0.002 9 1 5 f 26 1 1 1 f 25 76Am.815
4691.04488 0.002 8 0 5 e 19 0 0 1 e 18 76Am.816
4691.06762 0.002 9 1 5 f 27 1 1 1 f 26 76Am.817
4691.35024 0.002 9 1 5 e 28 1 1 1 e 27 76Am.818
4691.52862 0.002 9 1 5 f 28 1 1 1 f 27 76Am.819
4691.60106 0.002 8 0 5 e 20 0 0 1 e 19 76Am.820
4691.97539 0.002 9 1 5 f 29 1 1 1 f 28 76Am.821
4692.14317 0.002 8 0 5 e 21 0 0 1 e 20 76Am.822
4692.20704 0.002 9 1 5 e 30 1 1 1 e 29 76Am.823
4692.40925 0.002 9 1 5 f 30 1 1 1 f 29 76Am.824
4692.61456 0.002 9 1 5 e 31 1 1 1 e 30 76Am.825
4692.67102 0.002 8 0 5 e 22 0 0 1 e 21 76Am.826
4692.82864 0.002 9 1 5 f 31 1 1 1 f 30 76Am.827
4693.00831 0.002 9 1 5 e 32 1 1 1 e 31 76Am.828
4693.18465 0.002 8 0 5 e 23 0 0 1 e 22 76Am.829
4693.23520 0.002 9 1 5 f 32 1 1 1 f 31 76Am.830
4693.38873 0.002 9 1 5 e 33 1 1 1 e 32 76Am.831
4693.62775 0.002 9 1 5 f 33 1 1 1 f 32 76Am.832
4693.68389 0.002 8 0 5 e 24 0 0 1 e 23 76Am.833
4693.75428 0.002 9 1 5 e 34 1 1 1 e 33 76Am.834
4694.00678 0.002 9 1 5 f 34 1 1 1 f 33 76Am.835
4694.10658 0.002 9 1 5 e 35 1 1 1 e 34 76Am.836
4694.16952 0.002 8 0 5 e 25 0 0 1 e 24 76Am.837
4694.37266 0.002 9 1 5 f 35 1 1 1 f 34 76Am.838
4694.44414 0.002 9 1 5 e 36 1 1 1 e 35 76Am.839
4694.64114 0.002 8 0 5 e 26 0 0 1 e 25 76Am.840
4694.72534 0.002 9 1 5 f 36 1 1 1 f 35 76Am.841
4694.76912 0.002 9 1 5 e 37 1 1 1 e 36 76Am.842
4695.09806 0.002 8 0 5 e 27 0 0 1 e 26 76Am.843
4695.54099 0.002 8 0 5 e 28 0 0 1 e 27 76Am.844
4695.97013 0.002 8 0 5 e 29 0 0 1 e 28 76Am.845
4697.17189 0.002 8 0 5 e 32 0 0 1 e 31 76Am.846
4697.54446 0.002 8 0 5 e 33 0 0 1 e 32 76Am.847
4697.90247 0.002 8 0 5 e 34 0 0 1 e 33 76Am.848
4698.24662 0.002 8 0 5 e 35 0 0 1 e 34 76Am.849
4698.57662 0.002 8 0 5 e 36 0 0 1 e 35 76Am.850
4698.89266 0.002 8 0 5 e 37 0 0 1 e 36 76Am.851
4699.19432 0.002 8 0 5 e 38 0 0 1 e 37 76Am.852
4699.48202 0.002 8 0 5 e 39 0 0 1 e 38 76Am.853
4699.75546 0.002 8 0 5 e 40 0 0 1 e 39 76Am.854
4700.01500 0.002 8 0 5 e 41 0 0 1 e 40 76Am.855
4700.26032 0.002 8 0 5 e 42 0 0 1 e 41 76Am.856
4700.49120 0.002 8 0 5 e 43 0 0 1 e 42 76Am.857
4700.70838 0.002 8 0 5 e 44 0 0 1 e 43 76Am.858
4700.91144 0.002 8 0 5 e 45 0 0 1 e 44 76Am.859
4701.10031 0.002 8 0 5 e 46 0 0 1 e 45 76Am.860
4701.27488 0.002 8 0 5 e 47 0 0 1 e 46 76Am.861
4701.43544 0.002 8 0 5 e 48 0 0 1 e 47 76Am.862
4701.58233 0.002 8 0 5 e 49 0 0 1 e 48 76Am.863
4701.71463 0.002 8 0 5 e 50 0 0 1 e 49 76Am.864
4701.93760 0.002 8 0 5 e 52 0 0 1 e 51 76Am.865
4702.02796 0.002 8 0 5 e 53 0 0 1 e 52 76Am.866
4702.10393 0.002 8 0 5 e 54 0 0 1 e 53 76Am.867
4702.16693 0.002 8 0 5 e 55 0 0 1 e 54 76Am.868
4871.66248 0.002 9 1 1 f 24 0 0 1 e 24 76Am.869
4871.93491 0.002 9 1 1 f 23 0 0 1 e 23 76Am.870
4872.19585 0.002 9 1 1 f 22 0 0 1 e 22 76Am.871
4872.44399 0.002 9 1 1 f 21 0 0 1 e 21 76Am.872
4872.68366 0.002 9 1 1 f 20 0 0 1 e 20 76Am.873
4872.91027 0.002 9 1 1 f 19 0 0 1 e 19 76Am.874
4873.12601 0.002 9 1 1 f 18 0 0 1 e 18 76Am.875
4873.33028 0.002 9 1 1 f 17 0 0 1 e 17 76Am.876
4873.52288 0.002 9 1 1 f 16 0 0 1 e 16 76Am.877
4873.70351 0.002 9 1 1 f 15 0 0 1 e 15 76Am.878
4874.31707 0.002 9 1 1 f 11 0 0 1 e 11 76Am.879
4874.44244 0.002 9 1 1 f 10 0 0 1 e 10 76Am.880
4874.55394 0.002 9 1 1 f 9 0 0 1 e 9 76Am.881
4874.65750 0.002 9 1 1 f 8 0 0 1 e 8 76Am.882
4874.74703 0.002 9 1 1 f 7 0 0 1 e 7 76Am.883
4874.82661 0.002 9 1 1 f 6 0 0 1 e 6 76Am.884
4943.66668 0.002 8 0 1 e 35 0 0 1 e 36 76Am.885
4944.83560 0.002 8 0 1 e 34 0 0 1 e 35 76Am.886
4945.99565 0.002 8 0 1 e 33 0 0 1 e 34 76Am.887
4947.14468 0.002 8 0 1 e 32 0 0 1 e 33 76Am.888
4948.28398 0.002 8 0 1 e 31 0 0 1 e 32 76Am.889
4949.41300 0.002 8 0 1 e 30 0 0 1 e 31 76Am.890
4950.53264 0.002 8 0 1 e 29 0 0 1 e 30 76Am.891
4951.64194 0.002 8 0 1 e 28 0 0 1 e 29 76Am.892
4952.74220 0.002 8 0 1 e 27 0 0 1 e 28 76Am.893
4953.83229 0.002 8 0 1 e 26 0 0 1 e 27 76Am.894
4954.91257 0.002 8 0 1 e 25 0 0 1 e 26 76Am.895
4955.98327 0.002 8 0 1 e 24 0 0 1 e 25 76Am.896
4958.09628 0.002 8 0 1 e 22 0 0 1 e 23 76Am.897
4959.13720 0.002 8 0 1 e 21 0 0 1 e 22 76Am.898
4960.17071 0.002 8 0 1 e 20 0 0 1 e 21 76Am.899
4961.19356 0.002 8 0 1 e 19 0 0 1 e 20 76Am.900
4962.20726 0.002 8 0 1 e 18 0 0 1 e 19 76Am.901
4963.21100 0.002 8 0 1 e 17 0 0 1 e 18 76Am.902
4964.20608 0.002 8 0 1 e 16 0 0 1 e 17 76Am.903
4965.19130 0.002 8 0 1 e 15 0 0 1 e 16 76Am.904
4966.16741 0.002 8 0 1 e 14 0 0 1 e 15 76Am.905
4967.13454 0.002 8 0 1 e 13 0 0 1 e 14 76Am.906
4968.09189 0.002 8 0 1 e 12 0 0 1 e 13 76Am.907
4969.97898 0.002 8 0 1 e 10 0 0 1 e 11 76Am.908
4982.96026 0.002 8 0 1 e 4 0 0 1 e 3 76Am.909
4983.75235 0.002 8 0 1 e 5 0 0 1 e 4 76Am.910
4985.30907 0.002 8 0 1 e 7 0 0 1 e 6 76Am.911
4986.07340 0.002 8 0 1 e 8 0 0 1 e 7 76Am.912
4986.82849 0.002 8 0 1 e 9 0 0 1 e 8 76Am.913
4987.57418 0.002 8 0 1 e 10 0 0 1 e 9 76Am.914
4988.31027 0.002 8 0 1 e 11 0 0 1 e 10 76Am.915
4989.03838 0.002 8 0 1 e 12 0 0 1 e 11 76Am.916
4989.75572 0.002 8 0 1 e 13 0 0 1 e 12 76Am.917
4990.46401 0.002 8 0 1 e 14 0 0 1 e 13 76Am.918
4991.16301 0.002 8 0 1 e 15 0 0 1 e 14 76Am.919
4991.85258 0.002 8 0 1 e 16 0 0 1 e 15 76Am.920
4993.86321 0.002 8 0 1 e 19 0 0 1 e 18 76Am.921
4994.51494 0.002 8 0 1 e 20 0 0 1 e 19 76Am.922
4995.15627 0.002 8 0 1 e 21 0 0 1 e 20 76Am.923
4995.78837 0.002 8 0 1 e 22 0 0 1 e 21 76Am.924
4996.41081 0.002 8 0 1 e 23 0 0 1 e 22 76Am.925
4997.02227 0.002 8 0 1 e 24 0 0 1 e 23 76Am.926
4997.62549 0.002 8 0 1 e 25 0 0 1 e 24 76Am.927
4998.21800 0.002 8 0 1 e 26 0 0 1 e 25 76Am.928
4998.80103 0.002 8 0 1 e 27 0 0 1 e 26 76Am.929
4999.37334 0.002 8 0 1 e 28 0 0 1 e 27 76Am.930
4999.93622 0.002 8 0 1 e 29 0 0 1 e 28 76Am.931
5001.03084 0.002 8 0 1 e 31 0 0 1 e 30 76Am.932
5001.56293 0.002 8 0 1 e 32 0 0 1 e 31 76Am.933
5002.08547 0.002 8 0 1 e 33 0 0 1 e 32 76Am.934
5027.15260 0.002 8 0 9 e 40 0 0 1 e 41 76Am.935
5028.55035 0.002 8 0 9 e 39 0 0 1 e 40 76Am.936
5029.93435 0.002 8 0 9 e 38 0 0 1 e 39 76Am.937
5031.30357 0.002 8 0 9 e 37 0 0 1 e 38 76Am.938
5032.66023 0.002 8 0 9 e 36 0 0 1 e 37 76Am.939
5034.00247 0.002 8 0 9 e 35 0 0 1 e 36 76Am.940
5035.33271 0.002 8 0 9 e 34 0 0 1 e 35 76Am.941
5036.64708 0.002 8 0 9 e 33 0 0 1 e 34 76Am.942
5037.94939 0.002 8 0 9 e 32 0 0 1 e 33 76Am.943
5039.23703 0.002 8 0 9 e 31 0 0 1 e 32 76Am.944
5040.51072 0.002 8 0 9 e 30 0 0 1 e 31 76Am.945
5041.77129 0.002 8 0 9 e 29 0 0 1 e 30 76Am.946
5043.01805 0.002 8 0 9 e 28 0 0 1 e 29 76Am.947
5044.25078 0.002 8 0 9 e 27 0 0 1 e 28 76Am.948
5045.46965 0.002 8 0 9 e 26 0 0 1 e 27 76Am.949
5046.67481 0.002 8 0 9 e 25 0 0 1 e 26 76Am.950
5047.86591 0.002 8 0 9 e 24 0 0 1 e 25 76Am.951
5049.04254 0.002 8 0 9 e 23 0 0 1 e 24 76Am.952
5050.20562 0.002 8 0 9 e 22 0 0 1 e 23 76Am.953
5051.35488 0.002 8 0 9 e 21 0 0 1 e 22 76Am.954
5052.48968 0.002 8 0 9 e 20 0 0 1 e 21 76Am.955
5053.61070 0.002 8 0 9 e 19 0 0 1 e 20 76Am.956
5054.71764 0.002 8 0 9 e 18 0 0 1 e 19 76Am.957
5055.81109 0.002 8 0 9 e 17 0 0 1 e 18 76Am.958
5056.88982 0.002 8 0 9 e 16 0 0 1 e 17 76Am.959
5057.95416 0.002 8 0 9 e 15 0 0 1 e 16 76Am.960
5059.00556 0.002 8 0 9 e 14 0 0 1 e 15 76Am.961
5060.04178 0.002 8 0 9 e 13 0 0 1 e 14 76Am.962
5061.06431 0.002 8 0 9 e 12 0 0 1 e 13 76Am.963
5064.04679 0.002 8 0 9 e 9 0 0 1 e 10 76Am.964
5065.01276 0.002 8 0 9 e 8 0 0 1 e 9 76Am.965
5065.96420 0.002 8 0 9 e 7 0 0 1 e 8 76Am.966
5066.90166 0.002 8 0 9 e 6 0 0 1 e 7 76Am.967
5067.82509 0.002 8 0 9 e 5 0 0 1 e 6 76Am.968
5068.73382 0.002 8 0 9 e 4 0 0 1 e 5 76Am.969
5069.62933 0.002 8 0 9 e 3 0 0 1 e 4 76Am.970
5070.50996 0.002 8 0 9 e 2 0 0 1 e 3 76Am.971
5071.37581 0.002 8 0 9 e 1 0 0 1 e 2 76Am.972
5074.69956 0.002 8 0 9 e 2 0 0 1 e 1 76Am.973
5075.49546 0.002 8 0 9 e 3 0 0 1 e 2 76Am.974
5076.27564 0.002 8 0 9 e 4 0 0 1 e 3 76Am.975
5077.04267 0.002 8 0 9 e 5 0 0 1 e 4 76Am.976
5077.79516 0.002 8 0 9 e 6 0 0 1 e 5 76Am.977
5078.53300 0.002 8 0 9 e 7 0 0 1 e 6 76Am.978
5079.25712 0.002 8 0 9 e 8 0 0 1 e 7 76Am.979
5079.96700 0.002 8 0 9 e 9 0 0 1 e 8 76Am.980
5080.66246 0.002 8 0 9 e 10 0 0 1 e 9 76Am.981
5081.34345 0.002 8 0 9 e 11 0 0 1 e 10 76Am.982
5082.01050 0.002 8 0 9 e 12 0 0 1 e 11 76Am.983
5082.66299 0.002 8 0 9 e 13 0 0 1 e 12 76Am.984
5083.30172 0.002 8 0 9 e 14 0 0 1 e 13 76Am.985
5083.92606 0.002 8 0 9 e 15 0 0 1 e 14 76Am.986
5084.53604 0.002 8 0 9 e 16 0 0 1 e 15 76Am.987
5085.13169 0.002 8 0 9 e 17 0 0 1 e 16 76Am.988
5085.71367 0.002 8 0 9 e 18 0 0 1 e 17 76Am.989
5086.28080 0.002 8 0 9 e 19 0 0 1 e 18 76Am.990
5086.83388 0.002 8 0 9 e 20 0 0 1 e 19 76Am.991
5087.37295 0.002 8 0 9 e 21 0 0 1 e 20 76Am.992
5087.89809 0.002 8 0 9 e 22 0 0 1 e 21 76Am.993
5088.40838 0.002 8 0 9 e 23 0 0 1 e 22 76Am.994
5088.90490 0.002 8 0 9 e 24 0 0 1 e 23 76Am.995
5089.33701 0.002 8 0 9 e 25 0 0 1 e 24 76Am.996
5089.85507 0.002 8 0 9 e 26 0 0 1 e 25 76Am.997
5090.30918 0.002 8 0 9 e 27 0 0 1 e 26 76Am.998
5090.74950 0.002 8 0 9 e 28 0 0 1 e 27 76Am.999
5091.17509 0.002 8 0 9 e 29 0 0 1 e 28 76Am.1000
5091.58730 0.002 8 0 9 e 30 0 0 1 e 29 76Am.1001
5091.98516 0.002 8 0 9 e 31 0 0 1 e 30 76Am.1002
5092.36811 0.002 8 0 9 e 32 0 0 1 e 31 76Am.1003
5092.73769 0.002 8 0 9 e 33 0 0 1 e 32 76Am.1004
5093.09371 0.002 8 0 9 e 34 0 0 1 e 33 76Am.1005
5093.76301 0.002 8 0 9 e 36 0 0 1 e 35 76Am.1006
5094.07671 0.002 8 0 9 e 37 0 0 1 e 36 76Am.1007
5094.66265 0.002 8 0 9 e 39 0 0 1 e 38 76Am.1008
5095.66818 0.002 8 0 9 e 43 0 0 1 e 42 76Am.1009
5095.88501 0.002 8 0 9 e 44 0 0 1 e 43 76Am.1010
5552.18976 0.002 10 0 3 e 3 0 0 1 e 4 76Am.1011
5553.07937 0.002 10 0 3 e 2 0 0 1 e 3 76Am.1012
