u      12L3Euablce	Bj     T			U			 u                              O	
456	15111-01101	P02	5792.997695	3.9641E-28	5793.00330		 -5.6													
456	15111-01101	P03	5792.137049	6.4542E-28	5792.14230		 -5.3													
456	15111-01101	P04	5791.266187	1.9853E-27	5791.26950		 -3.3		 blended				
456	15111-01101	P05	5790.378742	1.1642E-27	5790.38480		 -6.1							
456	15111-01101	P06	5789.482815	5.7738E-28	5789.48790		 -5.1							
456	15111-01101	P07	5788.573558	6.3064E-28	5788.57840		 -4.8							
456	15111-01101	P08	5787.650564	7.1625E-28	5787.65610		 -5.5							
456	15111-01101	P09	5786.716251	8.6309E-28	5786.72070		 -4.4							
456	15111-01101	P10	5785.767396	7.3092E-28	5785.77220		 -4.8							
456	15111-01101	P11	5784.805913	8.3283E-28	5784.81030		 -4.4							
456	15111-01101	P12	5783.830743	8.8602E-28	5783.83490		 -4.2							
456	15111-01101	P13	5782.838886	2.7461E-27	5782.84610		 -7.2		 blended				
456	15111-01101	P14	5781.840305	1.0768E-27	5781.84370		 -3.4								
456	15111-01101	P15	5780.824649	1.2607E-27	5780.82790		 -3.3													
456	15111-01101	P16	5779.795679	9.0479E-28	5779.79860		 -2.9													
456	15111-01101	P17	5778.752964	1.0836E-27	5778.75590		 -2.9													
456	15111-01101	P23	5772.214556	8.3998E-28	5772.21810		 -3.5													
456	15111-01101	P24	5771.079412	5.7771E-28	5771.08180		 -2.4													
456	15111-01101	P25	5769.929868	6.6157E-28	5769.93220		 -2.3													
456	15111-01101	P26	5768.765516	6.9025E-28	5768.76920		 -3.7													
456	15111-01101	P27	5767.589772	6.8099E-28	5767.59290		 -3.1													
456	15111-01101	P29	5765.198120	6.5777E-28	5765.20050		 -2.4													
456	15111-01101	P30	5763.981270	4.3279E-28	5763.98420		 -2.9													
456	15111-01101	P31	5762.753067	8.4169E-28	5762.75470		 -1.6													
456	15111-01101	P32	5761.507540	4.8659E-28	5761.51180		 -4.3													
456	15111-01101	P33	5760.252622	3.1034E-28	5760.25560		 -3.0													
456	15111-01101	P35	5757.698346	6.9232E-28	5757.70320		 -4.9													
456	15111-01101	P36	5756.404822	3.8224E-28	5756.40690		 -2.1													
456	15111-01101	P37	5755.093126	2.0672E-28	5755.09720		 -4.1													
456	15111-01101	P38	5753.773359	4.1000E-28	5753.77410		 -0.7													
456	15111-01101	P39	5752.434823	1.2194E-28	5752.43760		 -2.8													
456	15111-01101	P40	5751.085573	1.5740E-28	5751.08770		 -2.1													
456	15111-01101	P42	5748.343382	1.5144E-28	5748.34750		 -4.1																									
456	15111-01101	R02	5797.131563	3.0128E-28	5797.13690		 -5.3													
456	15111-01101	R03	5797.923686	3.1537E-28	5797.92860		 -4.9													
456	15111-01101	R05	5799.469481	5.6599E-28	5799.47480		 -5.3													
456	15111-01101	R06	5800.225467	1.1818E-27	5800.22870		 -3.2													
456	15111-01101	R08	5801.690437	1.6020E-27	5801.69700		 -6.6		 blended							
456	15111-01101	R09	5802.406714	8.2048E-28	5802.41110		 -4.4												
456	15111-01101	R10	5803.107629	9.6093E-28	5803.11170		 -4.1												
456	15111-01101	R11	5803.794583	1.2229E-27	5803.79870		 -4.1												
456	15111-01101	R12	5804.468183	1.0244E-27	5804.47200		 -3.8												
456	15111-01101	R14	5805.774481	9.9928E-28	5805.77800		 -3.5												
456	15111-01101	R15	5806.407144	1.0652E-27	5806.41060		 -3.5												
456	15111-01101	R16	5807.026154	1.1021E-27	5807.02960		 -3.4												
456	15111-01101	R18	5808.222961	1.2136E-27	5808.22700		 -4.0												
456	15111-01101	R19	5808.801857	9.9944E-28	5808.80540		 -3.5												
456	15111-01101	R20	5809.367248	1.1000E-27	5809.37020		 -3.0												
456	15111-01101	R21	5809.919419	1.1579E-27	5809.92160		 -2.2												
456	15111-01101	R25	5811.989677	8.0048E-28	5811.99180		 -2.1												
456	15111-01101	R28	5813.400683	6.0908E-28	5813.40230		 -1.6												
456	15111-01101	R29	5813.843044	6.4915E-28	5813.84540		 -2.4												
456	15111-01101	R30	5814.273338	4.5106E-28	5814.27480		 -1.5												
456	15111-01101	R31	5814.688171	5.0334E-28	5814.69070		 -2.5												
456	15111-01101	R34	5815.855185	4.1980E-28	5815.85630		 -1.1												
456	15111-01101	R35	5816.212195	9.2695E-28	5816.21750		 -5.3												
456	15111-01101	R36	5816.563819	2.1040E-27	5816.56500		 -1.2		 blended							
456	15111-01101	R37	5816.891896	3.7873E-28	5816.89880		 -6.9													
456	15111-01101	R38	5817.215715	2.0023E-28	5817.21880		 -3.1													
456	15111-01101	R39	5817.523594	4.2070E-28	5817.52500		 -1.4													
456	15111-01101	R41	5818.092083	9.2652E-29	5818.09610		 -4.0													
456	15111-01101	R42	5818.356567	1.5766E-28	5818.36080		 -4.2													
456	15111-01101	R43	5818.605293	1.9804E-28	5818.61170		 -6.4													
456	15111-01101	R45	5819.070340	1.6850E-28	5819.07170		 -1.4													
456	15111-01101	R47	5819.473911	1.9073E-28	5819.47590		 -2.0													
456	15111-01101	R49	5819.818728	1.9889E-28	5819.82420		 -5.5													
456	15111-01102	Q01	5794.675539	3.9144E-28	5794.67810		 -2.6													
456	15111-01102	Q03	5794.610544	1.4972E-28	5794.61260		 -2.1													
456	15112-01102	P05	5790.395144	4.1823E-28	5790.40020		 -5.1													
456	15112-01102	P06	5789.507873	5.3501E-28	5789.51260		 -4.7													
456	15112-01102	P07	5788.609561	5.4159E-28	5788.61410		 -4.5													
456	15112-01102	P08	5787.700390	7.8859E-28	5787.70430		 -3.9													
456	15112-01102	P09	5786.778589	1.0589E-27	5786.78310		 -4.5													
456	15112-01102	P10	5785.846049	7.9889E-28	5785.85020		 -4.2													
456	15112-01102	P11	5784.902623	8.9150E-28	5784.90550		 -2.9													
456	15112-01102	P12	5783.946661	8.8418E-28	5783.94890		 -2.2													
456	15112-01102	P13	5782.977842	1.0018E-27	5782.98070		 -2.9													
456	15112-01102	P14	5781.998732	1.0520E-27	5782.00060		 -1.9													
456	15112-01102	P15	5781.006414	9.4913E-28	5781.00890		 -2.5													
456	15112-01102	P16	5780.004052	1.1942E-27	5780.00540		 -1.3													
456	15112-01102	P17	5778.989321	7.7420E-28	5778.99040		 -1.1													
456	15112-01102	P23	5772.656185	1.4093E-27	5772.65800		 -1.8													
456	15112-01102	P24	5771.562235	9.4682E-28	5771.56240		 -0.2													
456	15112-01102	P25	5770.452634	1.1513E-27	5770.45540		 -2.8													
456	15112-01102	P26	5769.335675	8.8725E-28	5769.33690		 -1.2													
456	15112-01102	P27	5768.207225	7.8505E-28	5768.20690		  0.3													
456	15112-01102	P28	5767.064841	5.7504E-28	5767.06550		 -0.7													
456	15112-01102	P29	5765.911489	4.9632E-28	5765.91260		 -1.1													
456	15112-01102	P30	5764.747307	4.4927E-28	5764.74820		 -0.9													
456	15112-01102	P31	5763.571589	4.2799E-28	5763.57240		 -0.8													
456	15112-01102	P32	5762.384079	3.5449E-28	5762.38490		 -0.8													
456	15112-01102	P33	5761.184474	3.3855E-28	5761.18600		 -1.5													
456	15112-01102	P34	5759.975251	3.1923E-28	5759.97540		 -0.1													
456	15112-01102	P35	5758.753252	7.4378E-28	5758.75330		 -0.0													
456	15112-01102	P36	5757.517614	3.4699E-28	5757.51960		 -2.0													
456	15112-01102	P37	5756.273132	3.5506E-28	5756.27420		 -1.1													
456	15112-01102	P38	5755.016486	1.6843E-28	5755.01720		 -0.7													
456	15112-01102	P39	5753.748557	2.2169E-28	5753.74840		  0.2													
456	15112-01102	P40	5752.466045	1.2837E-28	5752.46800		 -2.0													
456	15112-01102	P41	5751.175144	1.4490E-28	5751.17580		 -0.7													
456	15112-01102	P43	5748.556711	1.4166E-28	5748.55590		  0.8													
456	15112-01102	P44	5747.230911	5.1067E-28	5747.22820		  2.7													
456	15112-01102	R01	5796.337101	1.4706E-28	5796.34390		 -6.8													
456	15112-01102	R02	5797.152503	2.3199E-28	5797.15620		 -3.7													
456	15112-01102	R04	5798.746115	5.8023E-28	5798.75050		 -4.4													
456	15112-01102	R05	5799.527104	4.3301E-28	5799.53160		 -4.5													
456	15112-01102	R06	5800.297215	6.4526E-28	5800.30130		 -4.1													
456	15112-01102	R07	5801.057884	9.1637E-28	5801.05940		 -1.5													
456	15112-01102	R08	5801.803738	7.5338E-28	5801.80580		 -2.1													
456	15112-01102	R09	5802.537107	1.4209E-27	5802.54030		 -3.2													
456	15112-01102	R10	5803.260826	9.7697E-28	5803.26300		 -2.2													
456	15112-01102	R11	5803.971514	1.0539E-27	5803.97370		 -2.2													
456	15112-01102	R12	5804.671259	1.7008E-27	5804.67260		 -1.3													
456	15112-01102	R13	5805.357673	1.0771E-27	5805.35970		 -2.0													
456	15112-01102	R14	5806.033011	9.5335E-28	5806.03500		 -2.0													
456	15112-01102	R15	5806.696578	1.1082E-27	5806.69850		 -1.9													
456	15112-01102	R16	5807.348820	1.0710E-27	5807.35030		 -1.5													
456	15112-01102	R17	5807.988621	1.3482E-27	5807.99040		 -1.8													
456	15112-01102	R18	5808.617598	1.5056E-27	5808.61890		 -1.3													
456	15112-01102	R19	5809.235275	1.0274E-27	5809.23560		 -0.3													
456	15112-01102	R20	5809.840696	1.0872E-27	5809.84080		 -0.1													
456	15112-01102	R21	5810.434949	1.0628E-27	5810.43420		  0.7													
456	15112-01102	R22	5811.016094	1.0971E-27	5811.01610		 -0.0													
456	15112-01102	R23	5811.583594	1.1201E-27	5811.58620		 -2.6													
456	15112-01102	R24	5812.143697	9.5221E-28	5812.14470		 -1.0													
456	15112-01102	R25	5812.689670	9.7779E-28	5812.69150		 -1.8													
456	15112-01102	R26	5813.225450	6.7884E-28	5813.22660		 -1.2													
456	15112-01102	R27	5813.750250	6.8006E-28	5813.75000		  0.3													
456	15112-01102	R29	5814.761230	6.6547E-28	5814.76160		 -0.4													
456	15112-01102	R30	5815.249683	5.4806E-28	5815.24970		 -0.0													
456	15112-01102	R31	5815.724927	5.3800E-28	5815.72600		 -1.1													
456	15112-01102	R32	5816.190301	3.5732E-28	5816.19050		 -0.2													
456	15112-01102	R33	5816.643510	2.5188E-27	5816.64300		  0.5													
456	15112-01102	R34	5817.082277	3.7083E-28	5817.08370		 -1.4													
456	15112-01102	R36	5817.928525	2.7318E-28	5817.92920		 -0.7													
456	15112-01102	R37	5818.332592	3.0907E-28	5818.33390		 -1.3													
456	15112-01102	R44	5820.825547	1.2059E-28	5820.82700		 -1.5													
456	15112-01102	R49	5822.235969	7.4982E-29	5822.23790		 -1.9		
456	22011-00001	P03	5806.379180	3.5609E-27	5806.37970		 -0.5													
456	22011-00001	P04	5805.506039	5.6149E-27	5805.50600		  0.0													
456	22011-00001	P05	5804.619330	5.5093E-27	5804.62040		 -1.1													
456	22011-00001	P06	5803.721941	6.3565E-27	5803.72280		 -0.9													
456	22011-00001	P07	5802.809587	2.6526E-26	5802.81330		 -3.7		 blended							
456	22011-00001	P08	5801.891658	8.0664E-27	5801.89190		 -0.2													
456	22011-00001	P09	5800.958316	9.2010E-27	5800.95850		 -0.2													
456	22011-00001	P10	5800.012542	9.5904E-27	5800.01320		 -0.7													
456	22011-00001	P11	5799.054395	1.2231E-26	5799.05580		 -1.4													
456	22011-00001	P12	5798.086233	1.0276E-26	5798.08650		 -0.3													
456	22011-00001	P13	5797.104852	1.0102E-26	5797.10510		 -0.2													
456	22011-00001	P14	5796.111564	1.0695E-26	5796.11170		 -0.1													
456	22011-00001	P15	5795.106008	1.0890E-26	5795.10620		 -0.2													
456	22011-00001	P16	5794.088128	1.1177E-26	5794.08850		 -0.4													
456	22011-00001	P17	5793.057779	1.0766E-26	5793.05880		 -1.0													
456	22011-00001	P18	5792.015851	1.0674E-26	5792.01690		 -1.0													
456	22011-00001	P19	5790.961723	1.0030E-26	5790.96280		 -1.1													
456	22011-00001	P20	5789.895520	9.9922E-27	5789.89650		 -1.0													
456	22011-00001	P21	5788.817065	9.7731E-27	5788.81790		 -0.8													
456	22011-00001	P22	5787.725883	9.1440E-27	5787.72710		 -1.2													
456	22011-00001	P23	5786.622567	8.5682E-27	5786.62390		 -1.3													
456	22011-00001	P24	5785.507199	8.2614E-27	5785.50830		 -1.1													
456	22011-00001	P25	5784.379830	8.1878E-27	5784.38040		 -0.6													
456	22011-00001	P26	5783.239135	7.2483E-27	5783.24000		 -0.9													
456	22011-00001	P27	5782.086431	6.6462E-27	5782.08710		 -0.7													
456	22011-00001	P28	5780.920172	5.7472E-27	5780.92170		 -1.5													
456	22011-00001	P29	5779.742859	6.0655E-27	5779.74370		 -0.8													
456	22011-00001	P30	5778.553009	4.8529E-27	5778.55310		 -0.1													
456	22011-00001	P35	5772.407791	3.4455E-27	5772.40930		 -1.5													
456	22011-00001	P36	5771.142216	2.3230E-27	5771.14200		  0.2													
456	22011-00001	P37	5769.860899	2.5410E-27	5769.86180		 -0.9													
456	22011-00001	P38	5768.567080	2.2756E-27	5768.56870		 -1.6													
456	22011-00001	P40	5765.941364	1.6351E-27	5765.94310		 -1.7													
456	22011-00001	P41	5764.609164	1.4641E-27	5764.61060		 -1.4													
456	22011-00001	P42	5763.263652	1.8471E-27	5763.26500		 -1.3													
456	22011-00001	P43	5761.904279	1.0920E-27	5761.90620		 -1.9													
456	22011-00001	P44	5760.532164	9.1785E-28	5760.53400		 -1.8													
456	22011-00001	P46	5757.747918	6.7811E-28	5757.74980		 -1.9													
456	22011-00001	P47	5756.334066	5.1413E-28	5756.33760		 -3.5													
456	22011-00001	P49	5753.471080	4.1551E-28	5753.47290		 -1.8													
456	22011-00001	P50	5752.018569	3.2382E-28	5752.02020		 -1.6													
456	22011-00001	P54	5746.071754	1.6450E-28	5746.07380		 -2.0													
456	22011-00001	R00	5809.755618	1.1266E-27	5809.75540		  0.2													
456	22011-00001	R01	5810.569419	2.4173E-27	5810.56950		 -0.1													
456	22011-00001	R02	5811.373286	4.3339E-27	5811.37170		  1.6		 blended							
456	22011-00001	R03	5812.161706	4.8782E-27	5812.16190		 -0.2									
456	22011-00001	R04	5812.940263	6.2947E-27	5812.94020		  0.1									
456	22011-00001	R05	5813.706355	6.6044E-27	5813.70640		 -0.0									
456	22011-00001	R06	5814.460574	7.5572E-27	5814.46070		 -0.1									
456	22011-00001	R07	5815.203236	8.3563E-27	5815.20300		  0.2									
456	22011-00001	R08	5815.932673	1.0397E-26	5815.93320		 -0.5									
456	22011-00001	R09	5816.650764	9.8096E-27	5816.65140		 -0.6									
456	22011-00001	R10	5817.357168	1.0629E-26	5817.35750		 -0.3									
456	22011-00001	R11	5818.051053	1.1352E-26	5818.05140		 -0.3									
456	22011-00001	R12	5818.734957	2.8727E-26	5818.73320		  1.8		 blended						
456	22011-00001	R13	5819.402437	1.2755E-26	5819.40280		 -0.4									
456	22011-00001	R14	5820.059406	1.2143E-26	5820.06010		 -0.7									
456	22011-00001	R15	5820.704306	1.3852E-26	5820.70520		 -0.9									
456	22011-00001	R16	5821.337314	1.1529E-26	5821.33800		 -0.7									
456	22011-00001	R17	5821.958213	1.1885E-26	5821.95850		 -0.3									
456	22011-00001	R18	5822.566174	1.1602E-26	5822.56660		 -0.4									
456	22011-00001	R19	5823.161653	1.1236E-26	5823.16220		 -0.5									
456	22011-00001	R20	5823.744638	1.0935E-26	5823.74540		 -0.8									
456	22011-00001	R21	5824.314907	1.1610E-26	5824.31610		 -1.2									
456	22011-00001	R22	5824.875588	3.2421E-26	5824.87420		  1.4		 blended							
456	22011-00001	R23	5825.418602	1.0021E-26	5825.41980		 -1.2													
456	22011-00001	R24	5825.951837	9.2409E-27	5825.95270		 -0.9													
456	22011-00001	R25	5826.472705	8.6755E-27	5826.47290		 -0.2													
456	22011-00001	R26	5826.978881	8.1351E-27	5826.98030		 -1.4													
456	22011-00001	R27	5827.473753	7.6092E-27	5827.47490		 -1.1													
456	22011-00001	R28	5827.955836	7.8696E-27	5827.95670		 -0.9													
456	22011-00001	R29	5828.425695	8.8535E-27	5828.42550		  0.2													
456	22011-00001	R30	5828.880328	6.1107E-27	5828.88140		 -1.1													
456	22011-00001	R31	5829.323087	5.4558E-27	5829.32430		 -1.2													
456	22011-00001	R32	5829.752249	5.2280E-27	5829.75410		 -1.9													
456	22011-00001	R33	5830.169339	4.2452E-27	5830.17080		 -1.5													
456	22011-00001	R34	5830.572533	4.1540E-27	5830.57430		 -1.8													
456	22011-00001	R35	5830.962875	4.1274E-27	5830.96450		 -1.6													
456	22011-00001	R36	5831.340240	3.2134E-27	5831.34150		 -1.3													
456	22011-00001	R37	5831.702976	2.7852E-27	5831.70500		 -2.0													
456	22011-00001	R39	5832.389694	2.4730E-27	5832.39190		 -2.2													
456	22011-00001	R40	5832.713100	1.9487E-27	5832.71510		 -2.0													
456	22011-00001	R41	5833.022103	1.5697E-27	5833.02470		 -2.6													
456	22011-00001	R42	5833.318979	1.4188E-27	5833.32070		 -1.7													
456	22011-00001	R43	5833.601005	1.2119E-27	5833.60300		 -2.0													
456	22011-00001	R44	5833.869881	1.2457E-27	5833.87160		 -1.7													
456	22011-00001	R45	5834.124037	1.1607E-27	5834.12630		 -2.3													
456	22011-00001	R46	5834.365163	8.4041E-28	5834.36730		 -2.1													
456	22011-00001	R47	5834.592860	6.1159E-28	5834.59440		 -1.5													
456	22011-00001	R48	5834.805606	4.8485E-28	5834.80750		 -1.9													
456	22011-00001	R49	5835.005148	4.4343E-28	5835.00660		 -1.5													
456	22011-00001	R54	5835.789114	1.6874E-28	5835.79140		 -2.3		
456	30011-00001	P09	5906.533594	5.1652E-26	5906.53470		 -1.1														
456	30011-00001	P10	5905.536688	5.3186E-26	5905.53830		 -1.6														
456	30011-00001	P12	5903.491876	6.8901E-26	5903.49290		 -1.0														
456	30011-00001	P13	5902.442382	6.1622E-26	5902.44390		 -1.5														
456	30011-00001	P14	5901.375663	6.5153E-26	5901.37730		 -1.6														
456	30011-00001	P15	5900.291923	6.6184E-26	5900.29320		 -1.3														
456	30011-00001	P16	5899.188426	8.1480E-26	5899.19150		 -3.1		 blended						
456	30011-00001	P17	5898.070947	6.4701E-26	5898.07230		 -1.4									
456	30011-00001	P18	5896.934176	6.1671E-26	5896.93560		 -1.4									
456	30011-00001	P19	5895.779998	6.0642E-26	5895.78140		 -1.4									
456	30011-00001	P20	5894.606477	1.1048E-25	5894.60970		 -3.2		 blended						
456	30011-00001	P21	5893.419308	5.5102E-26	5893.42060		 -1.3									
456	30011-00001	P22	5892.213181	6.2386E-26	5892.21390		 -0.7									
456	30011-00001	P23	5890.989115	5.5517E-26	5890.98980		 -0.7									
456	30011-00001	P25	5888.488670	6.2548E-26	5888.48920		 -0.5		 blended						
456	30011-00001	P26	5887.212595	4.4181E-26	5887.21280		 -0.2									
456	30011-00001	P27	5885.918054	4.0113E-26	5885.91900		 -0.9									
456	30011-00001	P28	5884.606709	3.6856E-26	5884.60770		 -1.0									
456	30011-00001	P30	5881.931522	3.2138E-26	5881.93310		 -1.6									
456	30011-00001	P31	5880.567672	4.5614E-26	5880.56970		 -2.0		 blended						
456	30011-00001	P33	5877.789621	2.3967E-26	5877.79090		 -1.3												
456	30011-00001	P34	5876.374415	2.0693E-26	5876.37560		 -1.2													
456	30011-00001	P36	5873.491785	1.6811E-26	5873.49300		 -1.2													
456	30011-00001	P37	5872.024499	1.4106E-26	5872.02580		 -1.3													
456	30011-00001	P38	5870.539993	1.6875E-26	5870.54130		 -1.3													
456	30011-00001	P40	5867.519646	1.0836E-26	5867.52070		 -1.1													
456	30011-00001	P41	5865.983088	8.6158E-27	5865.98470		 -1.6													
456	30011-00001	P42	5864.430275	6.5571E-27	5864.43140		 -1.1													
456	30011-00001	P43	5862.860359	5.9959E-27	5862.86100		 -0.6													
456	30011-00001	P44	5861.271707	5.4434E-27	5861.27340		 -1.7													
456	30011-00001	P45	5859.668208	3.9629E-27	5859.66880		 -0.6													
456	30011-00001	P46	5858.046408	4.4368E-27	5858.04710		 -0.7													
456	30011-00001	P64	5825.969519	9.3618E-29	5825.96700		  2.5													
456	30011-00001	P61	5831.687711	2.7077E-28	5831.68990		 -2.2		 blended						
456	30011-00001	P59	5835.422146	3.0689E-28	5835.42240		 -0.3										
456	30011-00001	P58	5837.263059	6.5976E-28	5837.26360		 -0.5										
456	30011-00001	P57	5839.086611	4.9784E-28	5839.08820		 -1.6										
456	30011-00001	P56	5840.894563	6.8265E-28	5840.89610		 -1.5										
456	30011-00001	P55	5842.683917	1.2953E-27	5842.68710		 -3.2		 blended						
456	30011-00001	P54	5844.459950	7.5585E-28	5844.46140		 -1.4											
456	30011-00001	P53	5846.217230	9.6603E-28	5846.21890		 -1.7														
456	31111-01101	P09	5907.409510	3.9914E-27	5907.40830		  1.2													
456	31111-01101	P10	5906.413227	2.6956E-27	5906.41410		 -0.9													
456	31111-01101	P11	5905.401954	3.0691E-27	5905.40280		 -0.8													
456	31111-01101	P13	5903.327603	4.6318E-27	5903.32810		 -0.5													
456	31111-01101	P14	5902.264427	5.3023E-27	5902.26490		 -0.5													
456	31111-01101	P15	5901.184180	3.7496E-27	5901.18440		 -0.2													
456	31111-01101	P16	5900.086442	3.2276E-27	5900.08660		 -0.2													
456	31111-01101	P19	5896.689877	3.1459E-27	5896.68990		 -0.0													
456	31111-01101	P20	5895.523223	2.9354E-27	5895.52330		 -0.1													
456	31111-01101	P21	5894.339698	4.1865E-27	5894.33940		  0.3													
456	31111-01101	P23	5891.920581	3.1339E-27	5891.92000		  0.6													
456	31111-01101	P24	5890.685357	2.5556E-27	5890.68460		  0.8													
456	31111-01101	P25	5889.433189	6.1185E-27	5889.43200		  1.2													
456	31111-01101	P26	5888.162921	2.3535E-27	5888.16220		  0.7													
456	31111-01101	P27	5886.876632	2.0509E-27	5886.87530		  1.3													
456	31111-01101	P29	5884.251176	1.8157E-27	5884.25010		  1.1													
456	31111-01101	P31	5881.556057	1.4778E-27	5881.55640		 -0.3													
456	31111-01101	P37	5873.066855	8.4740E-28	5873.06600		  0.9													
456	31111-01101	P42	5865.524739	3.6256E-28	5865.52330		  1.4													
456	31111-01101	P43	5863.964713	7.0090E-28	5863.96390		  0.8													
456	31111-01101	P45	5860.795901	3.3108E-28	5860.79460		  1.3													
456	31111-01101	P57	5840.372626	4.3460E-28	5840.36970		  2.9													
456	31111-01101	P58	5838.558904	2.0499E-28	5838.55940		 -0.5													
456	31112-01102	P09	5907.414851	2.6450E-27	5907.41520		 -0.3													
456	31112-01102	P10	5906.424248	3.5676E-27	5906.42490		 -0.7													
456	31112-01102	P11	5905.417047	3.3139E-27	5905.41780		 -0.8													
456	31112-01102	P12	5904.394020	3.0684E-27	5904.39420		 -0.2													
456	31112-01102	P13	5903.351343	9.1073E-27	5903.35380		 -2.5		 blended					
456	31112-01102	P16	5900.132832	3.5034E-27	5900.13290		 -0.1									
456	31112-01102	P17	5899.028443	3.7558E-27	5899.02610		  2.3									
456	31112-01102	P20	5895.607246	4.6415E-27	5895.60590		  1.3									
456	31112-01102	P21	5894.432981	3.0137E-27	5894.43270		  0.3									
456	31112-01102	P22	5893.243334	3.5064E-27	5893.24300		  0.3									
456	31112-01102	P23	5892.038212	3.0000E-27	5892.03670		  1.5									
456	31112-01102	P24	5890.815249	2.5611E-27	5890.81400		  1.2									
456	31112-01102	P25	5889.575543	2.3469E-27	5889.57470		  0.8									
456	31112-01102	P27	5887.048442	2.0697E-27	5887.04690		  1.5									
456	31112-01102	P28	5885.759412	1.8234E-27	5885.75830		  1.1									
456	31112-01102	P29	5884.455339	2.5521E-27	5884.45330		  2.0									
456	31112-01102	P33	5879.073126	2.3033E-27	5879.06970		  3.4									
456	31112-01102	P36	5874.862327	7.9689E-28	5874.86090		  1.4									
456	31112-01102	P37	5873.427336	1.4685E-27	5873.42550		  1.8									
456	31112-01102	P42	5866.009743	5.7259E-28	5866.00650		  3.2									
456	31112-01102	P46	5859.786709	2.7224E-28	5859.78260		  4.1									
456	40011-10001	P04	5859.604184	5.8678E-28	5859.59980		  4.4									
456	40011-10001	P17	5846.521019	3.0573E-28	5846.51950		  1.5									
456	40011-10001	P18	5845.394664	3.1744E-28	5845.39340		  1.3									
456	40011-10001	P21	5841.913605	3.1319E-28	5841.91310		  0.5									
456	40011-10001	P23	5839.508160	3.2155E-28	5839.50780		  0.4									
456	40011-10001	P25	5837.037606	3.2226E-28	5837.03460		  3.0									
456	40011-10001	P26	5835.773899	2.2825E-28	5835.77270		  1.2									
456	40011-10001	P28	5833.198124	2.0397E-28	5833.19810		  0.0									
456	40011-10001	P29	5831.881997	2.7976E-28	5831.88550		 -3.5		 blended					
456	40011-10001	P30	5830.556164	1.2847E-28	5830.55620		 -0.0								
456	40011-10001	P34	5825.071081	1.0175E-28	5825.07100		  0.1								
456	40011-10001	P35	5823.659267	6.5351E-29	5823.65790		  1.4								
456	40011-10001	P36	5822.226440	1.2565E-28	5822.22820		 -1.8								
456	40011-10001	P37	5820.781775	1.1550E-28	5820.78190		 -0.1								
456	40011-10001	R04	5866.955008	6.0103E-28	5866.95280		  2.2						
456	40011-10001	R08	5869.773996	7.4105E-28	5869.77260		  1.4								
456	40011-10001	R10	5871.081694	7.7106E-28	5871.07900		  2.7		 blended					
456	40011-10001	R13	5872.910029	4.3551E-28	5872.90940		  0.6												
456	40011-10001	R15	5874.045390	4.3866E-28	5874.04350		  1.9												
456	40011-10001	R16	5874.584610	4.5030E-28	5874.58480		 -0.2												
456	40011-10001	R17	5875.109507	5.5226E-28	5875.10880		  0.7												
456	40011-10001	R22	5877.471254	1.8222E-27	5877.47140		 -0.1		 blended  
456	40011-10001	R23	5877.887276	4.9068E-28	5877.89240		 -5.1		 blended 
456	40011-10001	R24	5878.294793	1.6140E-27	5878.29630		 -1.5		 blended 
456	40011-10001	R25	5878.683508	3.4672E-28	5878.68320		  0.3				
456	40011-10001	R27	5879.405419	2.8623E-28	5879.40550		 -0.1													
456	40011-10001	R28	5879.740846	2.7773E-28	5879.74110		 -0.3													
456	40011-10001	R29	5880.060163	3.0346E-28	5880.05960		  0.6													

