u       12L3Euablce	B j	     u                  u               u                T              u                 u
456	2202e-0000e	P 01	     7879.55000		7879.5512	4.776E-29	 7879.5482500	2.423E-29	  10  			  
456	2202e-0000e	P 02	     7878.69400		7878.6948	9.473E-29	 7878.6939102	5.696E-29	  10  
456	2202e-0000e	P 03	     			7877.8199	1.404E-28	 7877.8179809	9.503E-29	  10  
456	2202e-0000e	P 04	     7876.92200		7876.9266	1.841E-28	 7876.9234041	1.125E-28	  10  
456	2202e-0000e	P 05	     7876.00900		7876.0148	2.255E-28	 7876.0120594	1.396E-28	  10  
456	2202e-0000e	P 06	     7875.08100		7875.0845	2.641E-28	 7875.0820640	1.809E-28	  10  
456	2202e-0000e	P 07	     7874.13500		7874.1358	2.995E-28	 7874.1349258	1.702E-28	  10  
456	2202e-0000e	P 09	     7872.18100		7872.1830	3.595E-28	 7872.1810868	2.220E-28	  10  
456	2202e-0000e	P 10	     7871.17700		7871.1788	3.837E-28	 7871.1770867	2.850E-28	  10  
456	2202e-0000e	P 11	     7870.15400		7870.1562	4.037E-28	 7870.1546620	2.549E-28	  10  
456	2202e-0000e	P 12	     7869.11400		7869.1150	4.197E-28	 7869.1134121	2.506E-28	  10  
456	2202e-0000e	P 13	     7868.05300		7868.0553	4.315E-28	 7868.0538693	2.757E-28	  10  
456	2202e-0000e	P 15	     7865.87800		7865.8801	4.430E-28	 7865.8787229	2.788E-28	  10  
456	2202e-0000e	P 16	     7864.76300		7864.7646	4.431E-28	 7864.7627579	2.804E-28	  10  
456	2202e-0000e	P 17	     7863.62800		7863.6305	4.396E-28	 7863.6286266	2.559E-28	  10  
456	2202e-0000e	P 18	     7862.47600		7862.4778	4.330E-28	 7862.4771005	2.574E-28	  10  
456	2202e-0000e	P 22	     			7857.6798	3.805E-28	 7857.6770389	2.022E-28	  10  
456	2202e-0000e	P 23	     7856.43000		7856.4333	3.627E-28	 7856.4323108	2.006E-28	  10  
456	2202e-0000e	P 25	     7853.88100		7853.8840	3.236E-28	 7853.8820648	1.722E-28	  10  
456	2202e-0000e	P 28	     7849.92000		7849.9181	2.616E-28	 7849.9170848	1.555E-28	  10  
456	2202e-0000e	P 29	     7848.55700		7848.5583	2.410E-28	 7848.5573006	1.452E-28	  10  
456	2202e-0000e	P 30	     7847.17700		7847.1796	2.209E-28	 7847.1788773	1.470E-28	  10  
456	2202e-0000e	P 32	     7844.36600		7844.3656	1.826E-28	 7844.3661378	9.281E-29	  10  
456	2202e-0000e	P 34         7841.48400	        7841.4823 	1.453E-28	 7841.4854675	1.012E-28	  10   
456	2202e-0000e	P 36	     			7838.4848	1.150E-28	 7838.4778993	7.666E-29	  10  
456	2202e-0000e	P 37	     			7836.9775	1.036E-28	 7836.9721847	7.401E-29	  10  
456	2202e-0000e	P 38	     			7835.4465	9.154E-29	 7835.4420382	5.372E-29	  10  
456	2202e-0000e	P 39	     			7833.8950	8.036E-29	 7833.8916010	5.353E-29	  10  
456	2202e-0000e	P 40	     			7832.3236	7.015E-29	 7832.3235912	7.731E-29	  10  
456	2202e-0000e	P 41	     			7830.7323	6.094E-29	 7830.7302140	5.573E-29	  10  
456	2202e-0000e	P 43	     			7827.4913	4.533E-29	 7827.4920250	3.532E-29	  10  
456	2202e-0000e	P 44	     			7825.8416	3.881E-29	 7825.8434699	4.018E-29	  10  
456	2202e-0000e	P 46	     			7822.4841	2.803E-29	 7822.4875835	1.629E-29	  10  
456	2202e-0000e	P 48	     			7819.0509	1.983E-29	 7819.0567456	1.057E-29	  10  
456	2202e-0000e	R 00	     			7881.2086	4.799E-29	 7881.2094008	2.451E-29	  10  
456	2202e-0000e	R 01	     7882.00600		7882.0097	9.562E-29	 7882.0057784	1.049E-28	  10  
456	2202e-0000e	R 02	     7882.79100		7882.7922	1.423E-28	 7882.7905041	8.979E-29	  10  
456	2202e-0000e	R 03	     7883.55100		7883.5563	1.876E-28	 7883.5540401	1.401E-28	  10  
456	2202e-0000e	R 06	     7885.73400		7885.7375	3.095E-28	 7885.7351575	1.862E-28	  10  
456	2202e-0000e	R 07	     7886.42600		7886.4275	3.441E-28	 7886.4252008	2.304E-28	  10  
456	2202e-0000e	R 09	     7887.75000		7887.7517	4.022E-28	 7887.7493023	2.794E-28	  10  
456	2202e-0000e	R 10	     7888.38400		7888.3860	4.252E-28	 7888.3845753	2.667E-28	  10  
456	2202e-0000e	R 13	     7890.17400		7890.1767	4.691E-28	 7890.1752028	2.583E-28	  10  
456	2202e-0000e	R 14	     			7890.7362	4.753E-28	 7890.7332214	2.880E-28	  10  
456	2202e-0000e	R 15	     7891.27500		7891.2770	4.776E-28	 7891.2750542	2.656E-28	  10  
456	2202e-0000e	R 16	     7891.79700		7891.7989	4.762E-28	 7891.7973645	2.712E-28	  10  
456	2202e-0000e	R 17	     			7892.3020	4.711E-28	 7892.3010399	3.404E-28	  10  
456	2202e-0000e	R 18	     7892.78300		7892.7863	4.629E-28	 7892.7848442	2.688E-28	  10  
456	2202e-0000e	R 19	     7893.25000		7893.2517	4.516E-28	 7893.2501284	2.771E-28	  10  
456	2202e-0000e	R 20	     7893.69600		7893.6981	4.378E-28	 7893.6966003	2.373E-28	  10  
456	2202e-0000e	R 23	     7894.92200		7894.9234	3.844E-28	 7894.9213453	2.361E-28	  10  
456	2202e-0000e	R 24	     7895.29000		7895.2936	3.637E-28	 7895.2918182	1.914E-28	  10  
456	2202e-0000e	R 25	     7895.64400		7895.6448	3.422E-28	 7895.6444424	2.675E-28	  10  
456	2202e-0000e	R 26	     7895.97500		7895.9767	3.202E-28	 7895.9755972	2.084E-28	  10  
456	2202e-0000e	R 28	     			7896.5831	2.758E-28	 7896.5831514	2.260E-28	  10  
456	1003e-0000e	P 01	     7649.91600		7649.9168	1.657E-27	 7649.9155162	1.143E-27	  1    
456	1003e-0000e	P 02	     7649.05510		7649.0551	3.286E-27	 7649.0544765	3.317E-27	  1  
456	1003e-0000e	P 03	     7648.16890		7648.1696	4.868E-27	 7648.1695252	3.812E-27	  1  
456     1003e-0000e	R 00         7651.57260	        7651.5690	1.664E-27	 7651.5725786	4.075E-27	  1   
456	1003e-0000e	R 01	     			7652.3594	3.314E-27	 7652.3582382	2.646E-27	  1  
456	1003e-0000e	R 03	     7653.86820		7653.8690	6.497E-27	 7653.8677769	5.120E-27	  1  
456	1003e-0000e	R 04	     7654.58620		7654.5881	7.990E-27	 7654.5865856	6.180E-27	  1  
456	1003e-0000e	R 05	     7655.28220		7655.2834	9.396E-27	 7655.2819671	7.984E-27	  1  
456	1003e-0000e	R 06	     7655.95430		7655.9550	1.070E-26	 7655.9540893	8.376E-27	  1  
456	1003e-0000e	R 07	     7656.60180		7656.6027	1.188E-26	 7656.6017662	8.987E-27	  1  
456	1003e-0000e	R 08	     7657.22550		7657.2267	1.294E-26	 7657.2255594	1.018E-26	  1  
456	1003e-0000e	R 09	     7657.82650		7657.8268	1.386E-26	 7657.8263925	1.066E-26	  1  
456	1003e-0000e	R 10	     7658.40240		7658.4032	1.464E-26	 7658.4023900	1.123E-26	  1  
456	1003e-0000e	R 11	     7658.95530		7658.9557	1.527E-26	 7658.9551669	1.183E-26	  1  
456	1003e-0000e	R 12	     7659.48400		7659.4845	1.576E-26	 7659.4841147	1.243E-26	  1  
456	1003e-0000e	R 13	     			7659.9894	1.610E-26	 7659.9879970	1.596E-26	  1  
456	1003e-0000e	R 14	     7660.47020		7660.4706	1.629E-26	 7660.4701961	1.279E-26	  1  
456	1003e-0000e	R 15	     7660.92720		7660.9279	1.635E-26	 7660.9275121	1.256E-26	  1  
456	1003e-0000e	R 16	     7661.35970		7661.3614	1.628E-26	 7661.3596832	1.375E-26	  1  
456	1003e-0000e	R 17	     7661.76880		7661.7711	1.608E-26	 7661.7684303	2.072E-26	  1  
456	1003e-0000e	R 18	     7662.15650		7662.1569	1.577E-26	 7662.1564140	1.262E-26	  1  
456	1003e-0000e	R 19	     7662.51740		7662.5189	1.537E-26	 7662.5181798	1.075E-26	  1  
456	1003e-0000e	R 20	     7662.85680		7662.8571	1.488E-26	 7662.8564883	1.178E-26	  1  
456	1003e-0000e	R 21	     7663.17030		7663.1715	1.431E-26	 7663.1704578	1.133E-26	  1  
456	1003e-0000e	R 22	     7663.46290		7663.4620	1.368E-26	 7663.4631039	1.597E-26	  1  
456	1003e-0000e	R 23	     7663.72800		7663.7287	1.299E-26	 7663.7279866	9.859E-27	  1  
456	1003e-0000e	R 24	     7663.97170		7663.9716	1.228E-26	 7663.9714741	9.432E-27	  1  
456	1003e-0000e	R 25	     7664.18910		7664.1906	1.153E-26	 7664.1894774	1.006E-26	  1  
456	1003e-0000e	R 26	     7664.38490		7664.3858	1.077E-26	 7664.3847721	8.039E-27	  1  
456	1003e-0000e	R 27	     7664.55720		7664.5571	1.001E-26	 7664.5566928	6.959E-27	  1  
456	1003e-0000e	R 28	     7664.70390		7664.7046	9.249E-27	 7664.7038406	6.986E-27	  1  
456	1003e-0000e	R 29	     7664.82750		7664.8282	8.502E-27	 7664.8276686	6.773E-27	  1  
456	1003e-0000e	R 30	     7664.92730		7664.9280	7.775E-27	 7664.9274806	6.029E-27	  1  
456	1003e-0000e	R 31	     7665.00380		7665.0039	7.075E-27	 7665.0035069	5.467E-27	  1  
456	1003e-0000e	R 32	     7665.05690		7665.0560	6.404E-27	 7665.0568873	6.223E-27	  1  
456	1003e-0000e	R 33	     7665.08590		7665.0842	5.769E-27	 7665.0866662	7.880E-27	  1  
456	1003e-0000e	R 35	     			7665.0691	4.612E-27	 7665.0712983	3.950E-27	  1  
456	1003e-0000e	R 36	     7665.02540		7665.0257	4.094E-27	 7665.0250091	3.907E-27	  1  
456	1003e-0000e	R 37	     			7664.9585	3.617E-27	 7664.9599309	7.957E-27	  1  
456	1003e-0000e	R 38	     			7664.8674	3.180E-27	 7664.8670710	3.050E-27	  1  
456	1003e-0000e	R 39	     7664.75200		7664.7525	2.783E-27	 7664.7518972	2.117E-27	  1  
456	1003e-0000e	R 40	     7664.61390		7664.6137	2.424E-27	 7664.6137847	2.263E-27	  1  
456	1003e-0000e	R 41	     			7664.4511	2.101E-27	 7664.4496890	2.172E-27	  1  
456	1003e-0000e	R 43	     7664.04480		7664.0542	1.558E-27	 7664.0525324	1.754E-27	  1  
456	1003e-0000e	R 44	     7663.81970		7663.8200	1.332E-27	 7663.8197837	1.071E-27	  1  
456	1003e-0000e	R 45	     			7663.5619	1.134E-27	 7663.5631227	1.041E-27	  1  
456	1003e-0000e	R 46	     7663.28000		7663.2799	9.606E-28	 7663.2801068	9.655E-28	  1  
456	1003e-0000e	R 48	     7662.64250		7662.6444	6.802E-28	 7662.6445779	5.754E-28	  1  
456	1003e-0000e	R 50	     7661.91210		7661.9135	4.734E-28	 7661.9126342	4.123E-28	  1  
456	1003e-0000e	R 51	     7661.51340		7661.5122	3.923E-28	 7661.5123783	6.469E-28	  1
456	1512e-0110e	P 06	     			7848.2832	2.323E-29	 7848.2649597	1.462E-29	  10  
456	1512e-0110e	P 10	     			7844.3492	3.431E-29	 7844.3297585	1.641E-29	  10  
456	1512e-0110e	P 11	     			7843.3173	3.615E-29	 7843.3009969	2.746E-29	  10  
456	1512e-0110e	P 13	     			7841.1953	3.868E-29	 7841.1793617	2.416E-29	  10  
456	1512e-0110e	P 15	     			7838.9958	3.973E-29	 7838.9799138	2.930E-29	  10  
456	1512e-0110e	P 16	     			7837.8669	3.974E-29	 7837.8517735	2.740E-29	  10  
456	1512e-0110e	P 17	     			7836.7186	3.943E-29	 7836.7017577	3.557E-29	  10  
456	1512e-0110e	P 20	     			7833.1572	3.685E-29	 7833.1395947	4.445E-29	  10  
456	1512e-0110e	P 22	     			7830.6858	3.408E-29	 7830.6704780	3.594E-29	  10  
456	1512e-0110e	P 23	     			7829.4209	3.246E-29	 7829.4058969	2.331E-29	  10  
456	1512e-0110e	P 25	     			7826.8327	2.894E-29	 7826.8167879	1.775E-29	  10  
456	1512e-0110e	P 26	     			7825.5094	2.709E-29	 7825.4909678	1.224E-29	  10  
456	1512e-0110e	R 07	     			7859.6105	3.071E-29	 7859.5942800	2.152E-29	  10  
456	1512e-0110e	R 10	     			7861.5428	3.823E-29	 7861.5242929	2.179E-29	  10  
456	1512e-0110e	R 12	     			7862.7335	4.132E-29	 7862.7141823	2.337E-29	  10  
456	1512e-0110e	R 13	     			7863.2996	4.229E-29	 7863.2868335	3.115E-29	  10  
456	1512e-0110e	R 16	     			7864.8808	4.298E-29	 7864.8648532	3.023E-29	  10  
456	1512e-0110e	R 17	     			7865.3687	4.254E-29	 7865.3513624	3.960E-29	  10  
456	1512e-0110e	R 20	     			7866.7148	3.954E-29	 7866.6990735	1.741E-29	  10  
456	1512e-0110e	R 22	     			7867.5141	3.647E-29	 7867.4977824	2.670E-29	  10  
456	1512e-0110e	R 23	     			7867.8842	3.471E-29	 7867.8685546	3.116E-29	  10  
456	1512e-0110e	R 24	     			7868.2347	3.284E-29	 7868.2190522	2.318E-29	  10  
456	1512e-0110e	R 25	     			7868.5656	3.090E-29	 7868.5509445	1.628E-29	  10  
456	1512f-0110f	P 06	     			7848.2999	2.326E-29	 7848.2805549	1.131E-29	  10  
456	1512f-0110f	P 10	     			7844.4123	3.440E-29	 7844.3935120	1.682E-29	  10  
456	1512f-0110f	P 11	     			7843.3963	3.626E-29	 7843.3801012	4.377E-29	  10  
456	1512f-0110f	P 13	     			7841.3116	3.882E-29	 7841.2947974	2.514E-29	  10  
456	1512f-0110f	P 16	     			7838.0523	3.993E-29	 7838.0338566	2.421E-29	  10  
456	1512f-0110f	P 17	     			7836.9305	3.963E-29	 7836.9119594	2.676E-29	  10  
456	1512f-0110f	P 21	     			7832.2669	3.578E-29	 7832.2499908	3.761E-29	  10  
456	1512f-0110f	P 23	     			7829.8289	3.270E-29	 7829.8123885	1.793E-29	  10  
456	1512f-0110f	P 24	     			7828.5833	3.098E-29	 7828.5676543	2.124E-29	  10  
456	1512f-0110f	P 26	     			7826.0390	2.733E-29	 7826.0232614	1.411E-29	  10  
456	1512f-0110f	P 27	     			7824.7402	2.546E-29	 7824.7225580	1.291E-29	  10  
456	1512f-0110f	P 28	     			7823.4238	2.358E-29	 7823.4078127	2.020E-29	  10  
456	1512f-0110f	R 09	     			7861.0312	3.603E-29	 7861.0105999	2.327E-29	  10  
456	1512f-0110f	R 12	     			7862.9148	4.123E-29	 7862.8970834	2.542E-29	  10  
456	1512f-0110f	R 13	     			7863.5072	4.219E-29	 7863.4905647	3.023E-29	  10  
456	1512f-0110f	R 14	     			7864.0818	4.277E-29	 7864.0648136	3.421E-29	  10  
456	1512f-0110f	R 15	     			7864.6387	4.299E-29	 7864.6242856	4.314E-29	  10  
456	1512f-0110f	R 18	     			7866.2023	4.168E-29	 7866.1896335	4.169E-29	  10  
456	1512f-0110f	R 19	     			7866.6878	4.067E-29	 7866.6734178	2.533E-29	  10  
456	1512f-0110f	R 23	     			7868.4508	3.461E-29	 7868.4345016	3.681E-29	  10  
456	1512f-0110f	R 25	     			7869.2248	3.081E-29	 7869.2099757	2.333E-29	  10  
456	1512f-0110f	R 26	     			7869.5849	2.883E-29	 7869.5652703	1.541E-29	  10  
456	1512f-0110f	R 27	     			7869.9271	2.682E-29	 7869.9094028	1.867E-29	  10  
